File to show the of test files and the number of assert statements in each Test file 
========================================================================================== 


Filename, 	 Linenumber:Line_containing_assert_statement 	 Total asserts for that file 
numpy/distutils/misc_util.py," 192 267 269 1000 1063 1170 1182 1296 1345 1504 1884",12
numpy/distutils/tests/test_system_info.py," 194 195 197 202 203 204 209 210 212 214 219 220 221 233 253 271 280 288 301 302 303 308 309 314 315 316",27
numpy/distutils/tests/test_from_template.py,"",1
numpy/distutils/tests/test_log.py,"",1
numpy/distutils/tests/test_fcompiler_intel.py," 30",2
numpy/distutils/tests/test_misc_util.py," 16 17 18 21 23 25 29 31 33 40 41 42 43 44 45 46 47 48 55 57 65 67 69 71 73 81",27
numpy/distutils/tests/test_fcompiler.py," 40 42",3
numpy/distutils/tests/test_shell_utils.py," 74",2
numpy/distutils/tests/test_exec_command.py," 103 107 108 112 113 116 117 120 121 124 125 130 131 134 135 138 139 144 145 149 150 153 154 159 160 165 166 172 173 177 178 182 183 195 196 200 201",38
numpy/distutils/tests/test_npy_pkg_config.py," 46 47 48 57 58 59 60 62 67 70 71 74 75 79 80 83 84",18
numpy/distutils/tests/test_fcompiler_nagfor.py,"",1
numpy/distutils/tests/test_ccompiler_opt.py," 283 284 285",4
numpy/distutils/tests/test_fcompiler_gnu.py," 42 49 55",4
numpy/distutils/system_info.py," 1010 1023",3
numpy/distutils/exec_command.py,"",1
numpy/distutils/fcompiler/__init__.py," 592",2
numpy/distutils/command/__init__.py,"",1
numpy/distutils/_shell_utils.py,"",1
numpy/distutils/ccompiler_opt.py,"",1
numpy/compat/tests/test_compat.py," 16 19",3
numpy/core/tests/test_numerictypes.py," 108 109 110 112 117 118 119 120 122 127 128 129 130 132 150 152 154 159 161 163 168 170 172 210 211 212 213 215 243 244 245 246 248 307 308 309 310 315 316 335 336 341 345 349 353 357 367 371 379 380 385 391 392 396 397 401 402 407 408 409 410 411 414 415 416 417 418 422 423 424 425 426 427 428 429 430 431 436 437 443 444 449 459 463 467 471 475 483 484 485 486 489 490 491 495 496 499 502 505 520 530 532 547 551 556 561",107
numpy/core/tests/test_scalar_methods.py," 34 36 38 40 46 47 48 52 54 56 58 60 62 107 116 124 133 148 153 195 200 201 202 203",25
numpy/core/tests/test_scalarmath.py," 60 80 81 82 85 88 92 97 100 107 120 128 130 142 145 146 152 155 156 162 165 166 180 182 192 193 219 221 223 249 250 264 266 268 276 278 293 298 300 303 322 324 326 328 330 332 356 357 384 385 394 397 403 408 413 420 425 429 430 435 439 440 452 453 457 459 464 465 468 470 475 476 477 481 483 485 490 491 492 495 497 499 507 508 510 512 513 515 516 521 530 557 573 577 596 597 602 605 610 611 625 626 627 628 634 642 648 656 662 666 669 672 677 680 727 729 735 743 757 761 769",122
numpy/core/tests/test_item_selection.py," 47 57 63 68 78 86",7
numpy/core/tests/test_array_coercion.py," 119 158 159 163 165 174 188 196 198 202 205 216 222 223 228 232 248 255 281 282 283 284 339 343 357 391 412 422 436 437 454 457 477 478 488 495 496 497 504 508 533 534 543 545 555 572 576 645 660 671 681 699",53
numpy/core/tests/test_unicode.py," 37 38 51 53 55 57 59 100 102 104 106 112 116 182 184 186 188 194 198 273 276 282 283 286 293 294 297 306 307 310 321 322 326",34
numpy/core/tests/test_cpu_dispatcher.py," 32 35 36 38 39 42",7
numpy/core/tests/test_arrayprint.py," 24 28 34 52 53 56 58 73 74 77 78 82 83 89 91 97 98 119 120 125 131 139 148 159 207 213 214 215 239 241 243 245 247 251 253 257 264 305 309 315 320 321 322 326 327 340 343 349 353 361 362 363 366 367 369 374 375 376 379 380 382 478 482 496 509 511 521 526 531 533 536 538 541 543 547 549 552 554 556 559 561 564 570 572 588 589 590 591 592 593 595 596 602 603 604 607 609 611 613 615 623 624 625 626 627 629 632 633 634 635 637 640 641 642 643 647 648 649 650 651 652 655 657 666 668 690 693 697 699 704 705 710 713 716 718 720 721 726 729 731 733 735 736 737 741 747 750 753 755 757 758 763 769 770 773 775 779 782 786 788 793 795 925 926 927 929 930 935 943 951 961 967",173
numpy/core/tests/test_scalarbuffer.py," 49 50 51 52 53 63 74 78 79 80 81 82 86 88 89 109 112 117 136 141",21
numpy/core/tests/test_indexerrors.py," 14 15 16 21 25 26 27 28 29 33 35 38 40 44 46 48 50 58 59 60 61 64 65 68 69 71 72 75 76 78 79 82 83 85 86 95 98 99 101 102 105 107 110 111 113 114 119 129 130 132 133",52
numpy/core/tests/test_print.py," 29 33 47 61 63 65 69 73 99 118 179 194 197 200",15
numpy/core/tests/test_half.py," 48 53 61 68 74 75 83 139 154 162 167 168 169 170 171 176 177 179 180 182 183 185 186 188 189 191 192 213 237 242 292 295 296 297 298 300 301 307 313 317 320 326 331 334 340 350 352 353 354 356 357 359 360 361 362 364 365 367 368 369 374 375 377 378 379 381 382 384 385 394 395 396 397 399 400 401 402 403 404 405 406 407 408 410 411 412 413 415 417 420 422 424 427 429 431 432 433 434 436 437 438 439 440 441 442 443 444 445 446 447 448 449 458 459 460 461 462 463 465 466 467 468 469 470 472 473 474 475 487 488 489 490 491 492 493 494 495 497 499 501 503 507 508 509 510 511 512 513 514 515 517 519 520 521 524 525 526 553 554",160
numpy/core/tests/test_arraymethod.py,"",1
numpy/core/tests/test_mem_overlap.py," 118 129 134 137 138 154 160 180 201 202 342 345 381 382 386 387 388 393 394 405 406 407 410 412 446 468 470 560 561 563 564 594 623 663 721 773 788 809 827 828 874 890 931",44
numpy/core/tests/test_shape_base.py," 28 35 44 49 50 51 52 61 68 75 84 89 90 91 100 107 114 123 128 131 138 145 152 163 166 173 180 187 194 213 214 217 218 221 234 241 247 254 255 257 258 262 267 268 275 279 285 287 288 291 293 294 296 298 303 304 305 306 308 314 315 316 320 321 330 331 332 333 334 340 341 342 366 381 398 404 409 410 412 413 419 420 421 428 430 431 435 437 438 440 442 444 446 451 509 519 527 535 544 553 577 607 662 667 668 672 674 675 679 680 681 682 683 690 691 692 695 696 706 718 735 736 747 748 757 758 759 760 762",130
numpy/core/tests/test_array_interface.py," 211",2
numpy/core/tests/test_deprecations.py," 174 191 192 193 194 203 204 208 209 210 211 219 220 338 344 350 429 449 456 468 705 711 716 768 779 796 855 872 873 874 1016 1022 1024 1037 1043",36
numpy/core/tests/test_errstate.py," 50 51",3
numpy/core/tests/test_records.py," 21 22 23 24 30 42 43 47 48 50 54 59 64 71 73 89 90 102 103 104 119 123 125 129 134 138 153 154 155 157 158 159 161 162 163 171 172 173 174 177 178 179 180 185 186 191 192 199 207 208 209 210 213 214 215 216 224 225 238 239 241 248 249 251 253 255 256 261 262 263 264 268 269 270 271 278 287 288 289 290 291 292 293 294 295 296 297 298 299 300 301 302 303 304 305 306 313 314 318 319 320 336 348 350 354 356 364 378 385 386 392 399 408 409 410 411 425 427 436 452 457 486 487 490 491 503 506 511 514 517 520",132
numpy/core/tests/test_mem_policy.py," 221 222 223 228 229 230 231 235 238 247 252 259 271 274 277 284 287 294 298 301 317 329 336 356 367 378 380 385 393",30
numpy/core/tests/test_simd.py," 298 312 327 351 396 427 442 708 713 826",11
numpy/core/tests/test_scalarinherit.py," 38 40 44 46 51 65 66 67 68 69 70 71 72 73 74 97 98",18
numpy/core/tests/test_indexing.py," 22 23 24 25 26 27 28 29 30 31 32 33 34 35 36 37 38 39 40 41 42 48 49 50 51 52 54 55 56 57 58 60 61 62 63 64 66 67 68 69 70 71 73 79 84 85 90 91 93 97 98 99 108 110 113 116 119 125 126 129 130 133 139 140 142 146 147 148 152 157 165 166 169 171 179 180 186 189 192 194 201 204 214 215 216 230 241 242 243 257 258 269 275 282 295 300 305 306 319 320 321 325 326 332 333 336 337 344 352 365 369 373 381 384 387 393 395 396 397 404 408 426 428 430 431 437 439 441 442 458 469 476 490 492 511 516 528 531 541 549 592 593 594 602 603 627 628 629 636 637 638 639 640 656 663 670 685 686 687 690 691 692 693 694 697 698 699 700 701 713 725 726 729 730 733 734 747 752 757 767 772 779 787 790 799 804 1113 1114 1116 1137 1138 1140 1150 1154 1159 1161 1171 1175 1179 1181 1219 1220 1221 1222 1262 1263 1264 1265 1272 1278 1279 1280 1281 1289 1290 1293 1294 1295 1302 1312 1319 1326 1334 1348 1349 1350 1363 1364 1376 1377 1378 1386 1388 1389 1390 1391 1394 1396 1402 1404 1406 1407 1408 1409 1413 1417",247
numpy/core/tests/test_umath.py," 55 58 68 70 72 79 81 83 84 87 89 91 92 98 99 100 101 102 103 104 105 107 108 109 126 128 132 134 138 140 144 146 154 156 160 162 166 168 172 174 178 180 192 200 204 210 218 222 233 244 245 246 293 295 304 305 384 394 399 405 407 409 411 413 429 430 440 471 496 498 500 525 526 540 542 544 559 561 563 565 567 598 600 602 619 645 647 659 665 666 669 670 673 674 677 678 681 682 685 686 691 695 697 698 699 705 706 707 710 711 712 718 720 726 728 732 733 734 735 736 737 738 739 741 744 750 751 756 757 758 770 771 775 778 780 784 785 790 791 793 794 798 803 809 814 820 826 835 836 837 838 849 859 866 869 870 871 875 876 877 878 879 880 890 903 913 925 928 929 930 931 932 935 936 937 938 949 954 973 974 984 994 1004 1013 1014 1015 1016 1019 1020 1021 1022 1033 1034 1035 1036 1080 1081 1084 1085 1086 1087 1096 1109 1118 1133 1147 1163 1164 1180 1188 1202 1216 1224 1233 1248 1268 1283 1299 1300 1301 1302 1303 1304 1305 1306 1315 1316 1330 1331 1332 1333 1362 1363 1365 1367 1374 1375 1382 1388 1401 1402 1405 1406 1421 1422 1423 1424 1435 1445 1457 1460 1461 1462 1463 1464 1467 1468 1473 1474 1478 1479 1480 1481 1482 1487 1488 1491 1492 1493 1494 1495 1499 1501 1506 1507 1510 1511 1512 1513 1518 1524 1530 1531 1534 1535 1536 1537 1538 1539 1542 1546 1550 1554 1558 1562 1568 1569 1570 1574 1575 1579 1580 1584 1585 1589 1590 1594 1595 1599 1600 1604 1605 1609 1610 1614 1615 1619 1620 1624 1625 1629 1630 1631 1636 1638 1640 1645 1658 1659 1672 1673 1677 1678 1681 1682 1685 1686 1693 1703 1704 1712 1717 1725 1726 1727 1728 1729 1730 1750 1751 1764 1765 1769 1770 1773 1774 1777 1778 1785 1795 1796 1804 1809 1817 1818 1819 1820 1821 1822 1842 1843 1856 1857 1861 1862 1865 1866 1869 1870 1877 1885 1905 1906 1919 1920 1924 1925 1928 1929 1932 1933 1940 1948 1968 1969 1975 1976 1977 1994 1998 2002 2009 2012 2015 2026 2029 2032 2045 2046 2048 2049 2050 2051 2053 2054 2055 2056 2058 2059 2060 2061 2069 2070 2071 2072 2075 2076 2077 2087 2088 2098 2099 2110 2116 2126 2127 2132 2137 2138 2143 2144 2155 2158 2163 2166 2177 2179 2180 2189 2198 2214 2215 2218 2220 2226 2227 2236 2240 2251 2252 2256 2264 2266 2268 2271 2277 2278 2291 2319 2321 2322 2323 2324 2325 2356 2357 2396 2397 2410 2411 2426 2451 2452 2453 2454 2455 2456 2457 2459 2460 2461 2462 2463 2464 2465 2467 2468 2469 2481 2482 2500 2513 2528 2529 2546 2547 2565 2566 2567 2579 2580 2589 2606 2607 2608 2609 2610 2611 2612 2613 2614 2615 2662 2664 2668 2669 2672 2677 2678 2679 2681 2682 2683 2685 2686 2688 2689 2692 2693 2694 2696 2697 2698 2699 2700 2702 2703 2705 2706 2709 2710 2712 2713 2714 2716 2717 2718 2721 2722 2723 2724 2726 2727 2728 2729 2730 2734 2735 2737 2738 2739 2742 2743 2744 2745 2747 2748 2749 2750 2763 2764 2765 2766 2767 2770 2771 2772 2773 2777 2778 2779 2780 2790 2791 2792 2793 2804 2806 2808 2823 2824 2825 2829 2830 2831 2832 2840 2841 2842 2843 2850 2852 2854 2857 2865 2866 2867 2868 2876 2877 2878 2879 2886 2888 2890 2893 2901 2902 2903 2904 2905 2908 2909 2910 2914 2915 2916 2917 2920 2921 2942 2943 2944 2945 2946 2947 2952 2953 2954 2955 2958 2959 2960 2961 2962 2963 2970 2971 2972 2973 2974 2975 2976 2977 2986 2987 2988 3031 3047 3048 3049 3050 3051 3054 3055 3056 3057 3058 3061 3062 3063 3064 3065 3134 3135 3137 3138 3139 3142 3143 3148 3150 3151 3155 3156 3157 3163 3164 3168 3169 3170 3172 3173 3174 3180 3181 3184 3185 3188 3189 3190 3194 3195 3196 3200 3201 3204 3205 3206 3209 3210 3213 3214 3215 3219 3220 3223 3224 3225 3232 3233 3237 3238 3245 3267 3273 3277 3282 3288 3294 3298 3303 3310 3318 3319 3326 3327 3331 3332 3336 3341 3342 3344 3360 3361 3362 3371 3372 3378 3379 3380 3397 3398 3406 3407 3476 3493 3498 3503 3508 3535 3539 3543 3547 3555 3559 3572 3573 3574 3575 3576 3577 3599 3610 3611 3612 3616 3617 3618 3622 3623 3624 3665 3666 3667 3668 3678 3679 3685 3686 3689 3691 3692 3693 3694 3701 3702 3703 3704 3705 3733 3741 3742 3743 3744 3745 3789 3797 3801 3822 3829 3836 3837 3841 3842 3844 3845 3861 3862 3863 3864 3865 3873 3875 3883 3884 3930",838
numpy/core/tests/test_numeric.py," 30 33 38 41 44 49 50 53 56 62 63 76 77 80 93 99 106 113 117 126 130 131 132 136 137 141 149 154 161 166 171 173 174 183 184 185 186 187 188 198 202 203 204 205 208 209 210 211 216 221 225 226 227 231 232 233 234 235 236 237 238 239 243 244 245 249 250 256 265 273 277 282 286 287 288 292 293 297 302 303 304 305 306 307 311 313 321 322 327 328 329 330 335 336 337 338 343 344 345 346 363 364 365 366 367 368 369 370 375 378 379 384 387 390 391 392 393 394 395 396 398 400 403 404 405 406 408 409 410 411 412 414 415 416 417 418 420 422 423 424 425 426 427 428 429 430 431 432 433 486 487 488 489 490 492 495 496 498 499 500 503 504 505 506 507 512 513 514 515 516 518 521 522 524 525 526 529 530 531 532 533 550 552 554 555 557 577 582 583 588 593 625 706 707 709 710 712 713 715 716 729 730 731 732 733 734 735 736 737 738 741 742 743 744 745 746 747 748 749 750 751 752 753 756 757 758 759 760 761 762 763 765 766 767 768 770 772 777 778 779 780 781 785 791 804 806 809 811 813 816 818 821 823 850 854 855 857 858 859 860 862 863 864 865 866 867 869 870 871 872 885 886 890 895 896 909 910 911 912 913 914 915 916 917 918 920 921 922 923 924 925 926 927 928 929 930 931 933 1013 1035 1038 1039 1040 1042 1043 1044 1046 1047 1049 1050 1052 1053 1055 1056 1058 1060 1061 1063 1064 1066 1067 1068 1069 1070 1071 1072 1073 1075 1076 1077 1078 1079 1080 1081 1082 1084 1085 1087 1088 1090 1091 1092 1093 1094 1095 1096 1097 1099 1100 1101 1102 1103 1104 1105 1106 1108 1109 1112 1116 1117 1118 1119 1121 1122 1123 1125 1126 1127 1128 1132 1133 1134 1137 1139 1140 1143 1144 1146 1153 1154 1155 1156 1160 1161 1177 1178 1179 1185 1186 1194 1195 1221 1222 1223 1225 1226 1227 1229 1230 1231 1234 1235 1237 1239 1240 1242 1246 1247 1248 1254 1255 1256 1257 1258 1259 1263 1264 1265 1266 1267 1270 1271 1272 1273 1274 1279 1280 1281 1282 1284 1285 1286 1287 1288 1295 1300 1313 1314 1321 1324 1326 1327 1328 1339 1340 1362 1366 1370 1372 1374 1383 1387 1391 1393 1395 1423 1429 1431 1433 1442 1447 1453 1475 1478 1482 1485 1522 1526 1530 1561 1567 1568 1573 1576 1577 1579 1583 1584 1585 1587 1591 1592 1593 1600 1605 1609 1615 1618 1619 1620 1621 1624 1625 1626 1638 1639 1641 1642 1644 1645 1647 1648 1650 1651 1654 1655 1664 1665 1666 1668 1671 1672 1675 1676 1679 1680 1684 1685 1689 1690 1693 1694 1698 1699 1701 1702 1704 1705 1707 1708 1711 1712 1714 1715 1717 1718 1720 1721 1723 1724 1730 1731 1739 1740 1744 1749 1751 1752 1753 1754 1755 1757 1803 1823 1825 1834 1844 1853 1863 1869 1872 1882 1890 1901 1902 1908 1909 1912 1923 1941 1952 1965 1978 1988 1998 2004 2005 2011 2020 2030 2039 2048 2057 2067 2075 2078 2086 2089 2097 2100 2110 2122 2132 2143 2156 2167 2180 2193 2201 2209 2219 2229 2239 2240 2245 2247 2249 2251 2253 2259 2285 2303 2320 2334 2383 2397 2400 2447 2448 2454 2458 2468 2525 2528 2532 2538 2540 2560 2562 2568 2569 2572 2573 2577 2579 2581 2583 2587 2589 2592 2598 2599 2604 2605 2606 2612 2613 2614 2615 2624 2625 2628 2629 2632 2634 2638 2640 2647 2648 2650 2651 2653 2654 2661 2662 2665 2666 2702 2703 2710 2731 2733 2735 2737 2777 2779 2789 2790 2792 2793 2795 2797 2802 2803 2805 2807 2812 2813 2815 2817 2822 2824 2826 2828 2830 2838 2840 2842 2844 2846 2868 2871 2899 2902 2921 2923 2925 2927 2929 2931 2936 2938 2944 2945 2953 2967 2971 2981 2987 2988 2996 3000 3015 3020 3025 3029 3033 3040 3048 3050 3053 3055 3062 3067 3070 3073 3077 3080 3083 3086 3089 3092 3095 3099 3102 3106 3109 3113 3135 3136 3137 3138 3143 3148 3149 3150 3156 3157 3158 3164 3165 3166 3173 3174 3175 3186 3196 3209 3221 3225 3227 3229 3231 3233 3235 3237 3243 3244 3248 3249 3258 3260 3267 3269 3276 3278 3285 3286 3287 3292 3293 3294 3299 3300 3301 3306 3307 3308 3313 3316 3317 3318 3321 3322 3323 3327 3337 3338 3345 3349 3356 3359 3362 3363 3364 3365 3369 3370 3376 3379 3393 3394 3395 3396 3397 3404 3405 3411 3413 3425 3429 3430 3431 3432 3433 3437 3445 3467 3468 3469 3470 3472 3478 3479 3480 3481 3482 3489 3492 3499 3500 3501 3502 3503 3505 3522 3532 3533 3539",860
numpy/core/tests/test_function_base.py," 20 24 46 48 50 52 60 64 66 70 72 74 79 85 86 88 89 96 98 100 102 105 106 109 110 113 114 124 127 130 131 134 140 141 142 147 148 153 154 157 158 161 164 168 171 173 175 177 186 188 192 194 196 200 202 216 217 218 227 231 233 238 244 245 247 248 251 252 253 260 262 264 265 269 270 276 277 281 283 285 297 298 299 307 311 313 320 321 326 332 333 335 336 370 377 381 388 391 392 394 395 397 398 404 409",106
numpy/core/tests/test_datetime.py," 34 37 40 41 42 44 46 48 49 50 52 54 57 58 59 60 61 62 63 64 65 66 70 71 72 73 76 77 78 79 80 81 85 86 89 90 93 94 97 98 100 101 104 105 107 108 110 111 113 114 116 118 119 122 123 125 127 131 132 133 134 136 137 138 139 168 169 179 181 182 191 200 226 230 232 236 239 240 242 243 247 250 251 254 261 262 264 265 267 268 270 271 273 274 277 279 282 287 289 291 293 297 299 301 307 310 316 322 326 336 339 342 345 348 359 362 367 369 373 376 379 380 382 383 385 389 396 397 399 400 402 403 405 406 408 409 412 414 416 419 422 424 426 428 433 434 436 437 439 440 442 443 445 446 448 449 458 468 472 476 478 480 482 484 486 489 491 493 496 498 500 503 505 507 510 512 514 538 547 551 559 560 561 562 563 566 567 568 569 570 573 574 575 576 577 588 589 590 591 592 593 596 597 598 599 600 601 604 606 608 610 612 614 615 616 617 618 619 620 621 622 624 626 628 631 633 635 637 639 643 645 647 649 651 653 655 657 659 661 665 666 667 668 672 674 676 679 685 695 696 699 702 705 708 709 712 715 718 721 724 730 733 746 748 750 763 766 769 775 778 781 785 795 799 801 804 806 810 812 818 820 822 825 832 836 840 845 846 847 848 878 879 880 881 893 897 917 933 938 940 942 944 946 955 957 959 961 963 965 967 969 976 978 980 982 984 986 988 990 997 1000 1010 1016 1017 1018 1019 1020 1021 1039 1040 1041 1042 1045 1046 1047 1048 1051 1052 1055 1056 1057 1058 1083 1084 1086 1087 1089 1090 1092 1093 1095 1096 1098 1099 1100 1102 1103 1104 1106 1107 1108 1110 1111 1112 1114 1115 1116 1118 1119 1120 1123 1124 1126 1127 1131 1157 1158 1159 1160 1162 1163 1165 1166 1168 1169 1171 1172 1174 1175 1176 1178 1179 1180 1182 1183 1184 1187 1188 1192 1194 1196 1198 1202 1204 1206 1222 1223 1225 1226 1228 1229 1231 1232 1235 1237 1239 1241 1243 1245 1247 1254 1255 1295 1312 1313 1330 1369 1389 1407 1408 1410 1411 1413 1414 1415 1416 1417 1418 1419 1422 1424 1426 1428 1430 1432 1434 1436 1443 1444 1445 1446 1448 1449 1450 1452 1453 1454 1465 1466 1467 1468 1469 1470 1480 1481 1482 1484 1485 1486 1488 1489 1490 1492 1493 1494 1501 1502 1503 1504 1505 1506 1507 1508 1511 1516 1517 1518 1519 1520 1521 1522 1523 1528 1529 1530 1531 1532 1533 1534 1535 1538 1550 1551 1552 1553 1558 1561 1562 1563 1566 1567 1568 1571 1572 1573 1576 1577 1578 1581 1582 1585 1586 1589 1590 1593 1594 1597 1601 1604 1607 1632 1637 1639 1641 1643 1644 1646 1647 1649 1651 1653 1654 1655 1656 1657 1658 1659 1660 1661 1662 1663 1664 1665 1666 1667 1725 1728 1741 1743 1745 1747 1749 1751 1753 1756 1761 1763 1765 1770 1774 1776 1778 1783 1788 1790 1792 1794 1796 1797 1799 1801 1803 1805 1807 1809 1811 1846 1848 1850 1852 1857 1859 1861 1864 1866 1868 1885 1891 1898 1905 1909 1914 1917 1925 1926 1930 1931 1934 1935 1938 1941 1943 1982 1999 2018 2019 2023 2024 2028 2029 2036 2067 2069 2071 2073 2075 2077 2079 2094 2097 2099 2101 2103 2107 2109 2111 2123 2127 2131 2135 2138 2140 2142 2144 2145 2146 2327 2330 2335 2338 2348 2350 2361 2362 2363 2366 2372 2374 2380 2383 2387 2390 2391 2392 2394 2395 2402 2404 2406 2408 2415 2418 2419 2420 2422 2423 2437 2438 2439 2455 2456 2462 2463 2465 2467 2512 2517 2520 2525 2528",691
numpy/core/tests/test__exceptions.py," 30 31 32 33 34 35 36 37 38 41 42 45 59 84",15
numpy/core/tests/test_extint128.py," 86 94 101 105 114 122 126 134 138 147 159 171 180 197 198 199 209 219",19
numpy/core/tests/test_cython.py," 72 73 75 76 77 78 84 85 87 88 89 90 132 133 134",16
numpy/core/tests/test_umath_complex.py," 154 156 166 168 176 181 192 201 209 216 223 230 237 242 250 257 264 273 367 387 407 420 425 428 431 434 466 542 544 552 554 579 581 591 621 622",37
numpy/core/tests/test_custom_dtypes.py," 29 35 41 42 46 52 53 59 65 66 68 70 71 73 84 85 87 88 100 102 111 128 140 141 156 159 192 197",29
numpy/core/tests/test_defchararray.py," 18 24 26 27 33 35 36 37 39 41 42 44 45 50 52 53 54 56 57 58 63 68 72 73 74 78 79 80 81 89 96 103 110 117 124 131 142 143 144 145 146 147 154 155 165 168 171 174 177 180 185 186 214 215 216 219 220 221 224 225 226 230 231 232 237 240 241 242 243 244 251 252 253 256 257 260 261 264 265 268 269 272 273 276 277 280 281 284 285 286 287 288 295 296 297 300 301 302 307 324 325 330 331 334 336 339 340 345 346 350 354 358 366 370 373 376 379 381 386 387 393 394 399 400 406 407 412 417 418 425 426 434 435 438 441 444 445 451 452 459 460 467 468 471 476 482 487 488 494 495 500 505 506 514 515 519 520 521 527 528 533 534 540 541 546 547 553 554 559 560 567 568 569 577 578 579 593 594 599 607 619 632 636 639 642 643 656 657 658 661 662 663 665 673",195
numpy/core/tests/test_conversion_utils.py," 29 35 38 158 159 160 182 183 184 185 190 203",13
numpy/core/tests/test_scalarprint.py," 35 36 37 38 61 92 105 106 107 108 109 110 111 112 113 114 115 116 117 118 119 120 122 124 130 132 134 136 139 140 141 142 144 146 148 152 157 180 182 191 198 200 202 204 211 213 215 223 228 229 231 233 235 238 240 242 244 247 248 251 252 253 254 255 256 257 258 274 275 276 280 283 284 290 293 295 298 300 302 304 306 308 309 361 368 369 375 376 377 381 382",92
numpy/core/tests/test_casting_unittests.py," 135 139 140 143 144 145 147 149 150 212 213 232 257 317 323 324 335 336 341 342 364 384 390 391 433 468 492 568 571 579 583 602 657 658 664 665 693 705 712 713 787 795 806",44
numpy/core/tests/test_abc.py," 12 13 14 16 17 18 22 24 26 28 33 35 37 39 44 46 51 53",19
numpy/core/tests/test_ufunc.py," 29 30 31 32 33 34 35 49 107 108 117 118 130 134 138 142 146 151 153 154 180 197 202 217 309 310 311 312 313 319 320 321 322 323 329 330 331 332 333 338 339 340 341 342 348 349 350 351 352 358 359 360 364 369 370 371 372 373 378 379 380 381 382 387 388 389 390 391 396 397 398 399 400 405 406 407 408 409 428 432 434 435 437 439 444 448 451 455 458 465 468 553 560 569 592 595 597 606 612 628 629 645 646 651 652 654 655 659 662 676 677 679 680 683 684 685 686 687 688 689 690 694 704 705 708 709 710 711 712 713 714 715 719 723 726 729 734 740 742 748 751 755 759 763 769 774 775 782 785 795 800 805 810 816 820 826 827 828 829 831 832 833 834 843 844 849 850 858 861 866 869 874 877 886 889 892 895 898 901 904 906 909 911 913 914 915 918 920 921 923 931 934 937 940 945 946 950 951 954 956 957 959 960 962 963 968 970 973 974 975 976 978 980 988 990 993 994 996 1001 1003 1004 1007 1008 1010 1011 1014 1016 1019 1022 1024 1032 1034 1036 1039 1040 1043 1045 1047 1049 1051 1053 1055 1057 1059 1061 1064 1067 1070 1076 1078 1082 1083 1085 1086 1091 1093 1097 1100 1101 1103 1109 1113 1120 1125 1128 1129 1130 1131 1133 1135 1149 1152 1155 1160 1168 1170 1172 1176 1183 1185 1187 1191 1196 1199 1206 1214 1216 1263 1270 1278 1280 1285 1289 1291 1293 1295 1298 1300 1302 1304 1307 1310 1311 1319 1320 1323 1324 1325 1330 1331 1332 1334 1335 1336 1337 1338 1339 1340 1341 1342 1343 1353 1362 1369 1382 1391 1397 1405 1406 1407 1408 1409 1410 1414 1416 1419 1421 1426 1427 1428 1429 1430 1431 1434 1437 1438 1439 1440 1443 1449 1457 1462 1470 1474 1477 1488 1494 1499 1510 1511 1519 1520 1521 1522 1523 1525 1527 1529 1533 1534 1535 1536 1537 1539 1541 1543 1547 1548 1549 1550 1551 1553 1555 1557 1599 1602 1603 1606 1607 1608 1609 1612 1613 1616 1621 1637 1639 1654 1659 1665 1668 1671 1673 1693 1714 1747 1749 1754 1756 1757 1770 1775 1780 1796 1798 1807 1808 1828 1864 1865 1871 1876 1881 1902 1923 1959 1964 1966 1967 1972 1978 1983 1989 1995 1999 2000 2003 2010 2012 2013 2014 2015 2016 2017 2018 2019 2020 2021 2022 2023 2024 2025 2026 2027 2029 2030 2031 2036 2038 2040 2041 2045 2046 2047 2049 2050 2051 2060 2061 2081 2088 2089 2090 2091 2109 2110 2139 2140 2144 2146 2151 2186 2187 2188 2198 2200 2222 2227 2232 2251 2252 2253 2287 2288 2310 2311 2315 2321 2326 2333 2340 2366 2368 2370 2406 2408 2419 2445 2454 2487 2492 2532 2535 2559 2562 2563",517
numpy/core/tests/test_dtype.py," 26 30 31 50 51 53 54 65 66 71 72 73 74 75 76 77 78 81 83 86 87 89 90 93 94 96 97 104 105 139 143 145 149 150 153 156 157 185 187 195 201 211 230 231 233 234 237 238 252 254 258 260 265 271 275 276 277 282 288 292 293 294 299 307 311 315 324 325 326 327 366 370 377 379 387 388 389 393 395 403 404 405 406 414 415 416 417 418 420 422 443 455 467 469 470 471 472 473 474 484 487 488 489 492 493 494 497 498 500 503 511 513 514 520 526 530 534 538 542 543 544 546 550 551 552 556 559 562 565 576 577 580 592 593 595 596 600 601 604 605 608 609 612 613 620 621 622 624 626 627 633 638 640 715 723 724 799 808 821 827 855 859 862 863 864 868 872 880 894 904 913 918 928 939 947 955 965 976 988 997 1002 1003 1015 1016 1017 1021 1022 1023 1027 1028 1029 1041 1047 1059 1065 1077 1080 1081 1086 1097 1112 1131 1132 1144 1194 1195 1197 1201 1202 1331 1353 1359 1363 1368 1369 1370 1375 1376 1381 1386 1394 1395 1441 1442 1443 1444 1445 1452 1453 1455 1460 1461 1463 1464 1473 1474 1502 1503 1507 1666 1681 1705 1712 1733",245
numpy/core/tests/test_umath_accuracy.py,"",1
numpy/core/tests/test_simd_module.py," 89 94 95",4
numpy/core/tests/test_getlimits.py," 23 29 35 41 53 55 65 67 72 77 82 93 95 96 104 111 114 127 131 136 143 144 145",24
numpy/core/tests/test_dlpack.py," 15 36 38 51 70 73 76 79 82 89 93 95 97 117 123",16
numpy/core/tests/test_einsum.py," 22 25 48 51 54 57 58 59 60 61 62 65 66 67 68 71 72 73 76 89 100 110 113 116 117 120 121 125 128 135 136 139 140 147 148 151 152 159 160 163 164 167 168 172 173 177 178 181 182 185 186 189 190 193 194 197 198 201 202 205 206 209 210 214 215 223 224 227 228 235 236 239 240 248 250 255 257 263 265 270 272 278 280 285 287 291 295 297 304 305 311 313 320 322 333 335 354 356 377 379 404 414 421 427 429 435 440 455 456 457 458 464 466 467 468 469 470 472 474 476 477 478 480 487 488 491 492 498 503 505 512 513 519 523 530 532 534 591 592 595 596 597 604 606 614 617 623 633 634 648 649 650 656 657 658 659 666 667 668 699 706 716 724 735 739 747 763 766 769 771 775 778 782 786 790 793 803 824 826 909 941 944 947 950 951 954 955 960 965 982 986 1092 1107 1110",195
numpy/core/tests/test_api.py," 21 24 29 32 37 43 45 46 47 48 54 56 57 58 59 62 66 67 70 71 77 86 91 102 105 107 109 111 114 116 118 120 124 126 128 130 133 135 137 139 157 158 163 164 169 170 177 178 179 181 182 183 185 186 190 195 196 197 200 201 202 206 207 209 213 222 226 227 231 232 233 239 240 243 244 249 250 253 254 257 259 262 264 267 269 273 276 279 287 290 291 293 299 313 327 348 349 350 361 362 363 364 371 373 378 381 388 392 395 399 403 406 410 414 417 437 438 442 443 447 448 452 453 461 462 466 470 478 479 480 481 484 485 486 487 488 489 539 540 570 571 578 585 587 591 594 597 601 604",150
numpy/core/tests/test_longdouble.py," 38 44 62 66 69 70 74 75 83 90 93 96 100 103 106 109 112 115 121 127 133 150 160 168 176 185 194 203 212 221 230 241 250 259 267 275 283 291 304 314 319 323 328 334 339 344 360 370",49
numpy/core/tests/test_overrides.py," 49 52 55 70 73 77 88 91 105 107 129 130 131 132 133 134 135 136 137 145 173 178 184 190 197 199 219 222 224 234 235 236 238 239 315 316 331 332 333 339 351 352 370 371 377 378 379 380 384 394 412 430 440 518 528 530 569 571 572 574",61
numpy/core/tests/test_scalar_ctors.py," 18 19 24 26 28 30 33 35 37 39 57 61 78 81",15
numpy/core/tests/test_multiarray.py," 83 126 130 135 137 139 143 145 147 158 159 209 224 226 229 230 231 232 233 234 235 236 237 238 239 240 244 247 251 262 264 266 270 272 283 284 285 287 289 291 293 294 295 296 298 299 300 301 304 305 306 307 308 309 310 318 328 329 330 331 332 334 349 350 351 352 353 361 366 374 382 390 396 401 402 409 414 417 421 425 429 433 434 435 441 443 446 452 455 457 464 465 469 470 474 475 476 477 479 480 516 518 529 535 546 547 566 580 581 583 584 597 601 605 609 613 616 624 630 632 635 636 641 645 655 656 657 658 662 663 664 665 669 670 671 672 677 679 684 686 694 695 696 700 701 702 703 704 705 706 707 715 716 721 724 734 742 743 744 745 747 748 749 750 759 760 764 765 769 770 778 782 783 784 785 786 787 788 789 797 798 804 808 813 817 821 826 830 834 838 842 846 858 866 894 913 914 915 928 930 931 934 935 936 939 940 941 944 952 961 962 966 974 975 978 979 981 982 985 986 988 989 992 993 995 996 999 1000 1009 1010 1011 1012 1013 1014 1015 1041 1042 1043 1057 1068 1098 1112 1120 1126 1127 1130 1131 1134 1135 1140 1141 1144 1145 1148 1154 1155 1161 1162 1177 1182 1183 1192 1193 1195 1196 1200 1201 1206 1207 1212 1213 1216 1217 1220 1221 1226 1227 1237 1246 1252 1258 1260 1261 1267 1268 1271 1273 1278 1280 1286 1288 1294 1295 1297 1298 1300 1301 1302 1303 1308 1310 1328 1336 1344 1353 1354 1357 1358 1362 1363 1367 1368 1372 1373 1376 1378 1379 1382 1383 1385 1386 1393 1394 1399 1400 1405 1424 1425 1426 1427 1428 1430 1436 1442 1452 1453 1457 1458 1459 1469 1471 1476 1482 1485 1486 1487 1491 1492 1493 1496 1497 1498 1506 1509 1511 1513 1531 1534 1540 1541 1542 1543 1544 1550 1551 1552 1553 1554 1581 1583 1585 1621 1624 1628 1637 1679 1681 1684 1685 1686 1687 1700 1702 1704 1705 1706 1707 1713 1717 1722 1726 1736 1739 1742 1746 1751 1756 1767 1768 1770 1771 1773 1811 1814 1817 1820 1824 1828 1841 1842 1843 1844 1848 1849 1850 1851 1863 1870 1888 1891 1903 1906 1928 1931 1941 1952 1955 1966 1969 1980 1983 1994 1997 2007 2010 2013 2021 2023 2037 2056 2065 2079 2080 2084 2085 2086 2089 2090 2091 2095 2096 2097 2098 2102 2103 2104 2105 2115 2116 2117 2120 2121 2122 2125 2126 2127 2129 2140 2141 2156 2157 2165 2166 2171 2172 2179 2190 2191 2201 2202 2212 2213 2223 2224 2233 2234 2243 2244 2251 2252 2253 2260 2263 2270 2273 2276 2279 2284 2285 2298 2301 2310 2313 2317 2321 2326 2328 2332 2334 2338 2340 2349 2351 2354 2356 2361 2363 2378 2380 2385 2387 2411 2412 2413 2414 2421 2422 2423 2426 2427 2428 2435 2441 2443 2455 2457 2461 2463 2484 2486 2491 2493 2503 2505 2514 2515 2516 2517 2523 2524 2530 2531 2536 2540 2545 2549 2559 2561 2571 2574 2579 2580 2581 2582 2583 2586 2587 2589 2590 2597 2602 2603 2604 2606 2610 2616 2617 2618 2619 2621 2623 2627 2630 2631 2636 2637 2638 2640 2645 2646 2647 2649 2652 2654 2656 2664 2668 2673 2674 2675 2676 2678 2679 2686 2687 2689 2693 2698 2699 2703 2704 2705 2706 2707 2708 2709 2710 2724 2725 2726 2727 2728 2729 2730 2731 2732 2747 2749 2751 2777 2780 2783 2788 2789 2796 2797 2799 2800 2801 2802 2809 2810 2815 2817 2829 2830 2851 2857 2867 2870 2874 2876 2881 2883 2884 2889 2890 2902 2920 2921 2922 2923 2924 2925 2953 2954 2955 2956 2957 2958 2959 2965 2966 2967 2968 3003 3004 3015 3019 3027 3030 3034 3041 3042 3047 3052 3058 3059 3077 3080 3081 3102 3103 3104 3111 3112 3115 3116 3120 3121 3122 3123 3124 3125 3126 3127 3130 3131 3132 3133 3134 3135 3136 3137 3139 3143 3144 3147 3148 3151 3152 3158 3162 3173 3177 3178 3179 3180 3183 3184 3185 3186 3187 3188 3189 3190 3204 3215 3220 3228 3233 3238 3244 3248 3249 3250 3251 3252 3253 3254 3255 3256 3257 3260 3261 3262 3263 3264 3265 3266 3269 3270 3271 3272 3274 3275 3279 3280 3281 3289 3290 3298 3299 3303 3304 3305 3306 3314 3315 3320 3321 3326 3327 3328 3329 3332 3333 3334 3335 3342 3343 3344 3345 3348 3349 3350 3351 3356 3359 3360 3361 3362 3372 3380 3388 3389 3390 3391 3395 3396 3397 3398 3402 3403 3404 3408 3409 3410 3414 3415 3416 3419 3420 3429 3443 3445 3447 3456 3460 3463 3466 3469 3473 3474 3479 3483 3492 3493 3496 3497 3504 3505 3506 3598 3605 3607 3615 3617 3625 3632 3635 3643 3647 3648 3649 3650 3656 3658 3667 3670 3672 3675 3720 3732 3734 3735 3737 3738 3757 3758 3759 3760 3761 3762 3763 3765 3766 3767 3768 3769 3770 3771 3772 3777 3780 3781 3782 3783 3784 3785 3786 3802 3803 3806 3807 3818 3857 3858 3859 3860 3861 3888 3889 3903 3904 3909 3912 3915 3918 3921 3925 3929 3931 3937 3946 3947 3952 3966 3972 3978 3979 3980 3981 3982 3988 3989 4038 4043 4056 4077 4088 4094 4100 4107 4113 4119 4125 4136 4143 4147 4152 4155 4160 4167 4168 4169 4175 4184 4187 4190 4197 4198 4199 4200 4201 4202 4207 4208 4209 4210 4211 4212 4217 4218 4219 4220 4221 4222 4251 4252 4256 4257 4281 4282 4287 4288 4328 4331 4335 4339 4357 4371 4372 4377 4379 4390 4392 4394 4501 4502 4507 4508 4513 4514 4520 4522 4525 4527 4530 4532 4535 4537 4644 4645 4650 4651 4656 4657 4662 4664 4667 4669 4672 4674 4677 4679 4684 4685 4687 4688 4689 4690 4693 4694 4700 4701 4703 4704 4711 4716 4717 4749 4779 4781 4783 4789 4797 4801 4807 4812 4818 4837 4843 4850 4851 4852 4854 4855 4856 4862 4866 4879 4897 4898 4899 4904 4905 4910 4911 4912 4917 4924 4930 4953 4954 4962 4969 4975 4984 4988 4989 4991 4995 5022 5024 5029 5035 5041 5045 5051 5057 5065 5070 5076 5081 5085 5093 5094 5100 5112 5119 5125 5126 5131 5136 5139 5146 5166 5184 5191 5200 5203 5212 5221 5228 5234 5254 5263 5268 5344 5346 5347 5397 5398 5408 5416 5421 5426 5434 5440 5467 5477 5487 5523 5524 5532 5533 5541 5542 5543 5544 5545 5546 5547 5548 5563 5564 5587 5589 5594 5604 5609 5611 5618 5619 5622 5623 5626 5627 5628 5629 5638 5647 5648 5658 5659 5660 5673 5681 5688 5693 5694 5697 5700 5703 5710 5716 5717 5725 5733 5734 5735 5736 5740 5742 5743 5745 5747 5748 5753 5754 5755 5760 5761 5762 5765 5766 5775 5776 5777 5778 5782 5794 5799 5810 5811 5839 5840 5841 5848 5849 5852 5860 5861 5863 5865 5877 5880 5888 5891 5899 5902 5911 5914 5928 5931 5938 5941 5954 5955 5964 5965 5966 5974 5975 5976 5980 5987 5991 5996 6019 6021 6027 6029 6033 6036 6038 6047 6062 6073 6080 6103 6105 6111 6113 6116 6118 6121 6123 6130 6152 6153 6158 6160 6163 6165 6167 6169 6172 6174 6189 6191 6193 6206 6207 6214 6215 6220 6221 6229 6230 6231 6244 6246 6248 6250 6252 6271 6278 6284 6290 6296 6302 6308 6314 6321 6328 6336 6344 6354 6355 6387 6388 6398 6411 6413 6414 6419 6420 6430 6433 6436 6439 6440 6443 6444 6447 6450 6458 6459 6460 6481 6496 6501 6508 6511 6513 6514 6517 6522 6524 6552 6565 6572 6582 6587 6597 6599 6604 6615 6618 6623 6636 6638 6648 6650 6663 6665 6675 6677 6698 6700 6704 6708 6712 6728 6730 6734 6738 6742 6757 6763 6768 6773 6777 6784 6800 6802 6804 6809 6814 6844 6847 6862 6868 6874 6897 6900 6907 6910 6930 6931 6934 6935 6936 6944 6946 6947 6952 6954 6956 6958 6967 6968 6975 6976 6984 6994 6995 6996 6997 7000 7003 7004 7009 7035 7036 7049 7053 7057 7122 7130 7138 7145 7155 7164 7169 7174 7183 7184 7193 7212 7221 7236 7247 7258 7269 7284 7295 7306 7317 7329 7337 7345 7355 7356 7364 7369 7374 7379 7384 7505 7506 7508 7509 7510 7512 7513 7514 7577 7584 7637 7638 7643 7644 7645 7646 7647 7648 7653 7654 7655 7656 7657 7658 7663 7664 7665 7666 7667 7668 7698 7699 7700 7704 7706 7709 7710 7715 7716 7717 7718 7719 7720 7726 7728 7733 7735 7756 7771 7799 7806 7812 7816 7831 7833 7863 7865 7879 7881 7917 7918 7920 8011 8029 8048 8051 8053 8083 8091 8132 8148 8181 8189 8195 8203 8241 8244 8249 8255 8265 8290 8291 8305 8332 8354 8361 8366 8371 8378 8379 8382 8384 8389 8390 8391 8395 8397 8399 8404 8405 8406 8409 8411 8413 8417 8418 8419 8420 8426 8427 8437 8444 8445 8446 8447 8450 8451 8452 8457 8458 8475 8476 8477 8478 8484 8485 8486 8487 8488 8489 8490 8491 8492 8493 8494 8498 8502 8517 8521 8523 8528 8530 8532 8535 8542 8543 8548 8549 8559 8563 8568 8573 8583 8586 8589 8592 8598 8599 8605 8606 8611 8612 8619 8631 8640 8647 8663 8667 8674 8676 8680 8687 8691 8747 8748 8755 8756 8763 8764 8771 8772 8778 8783 8788 8793 8808 8809 8815 8821 8827 8832 8837 8842 8849 8850 8854 8859 8868 8869 8879 8925 8934 8946 8952 8961 8967 8973 8975 8980 8986 8992 9014 9021 9022 9026 9028 9029 9032 9042 9052 9053 9057 9059 9060 9062 9065 9070 9076 9082 9083 9086 9087 9090 9091 9092 9093 9100 9101 9102 9103 9116 9163 9167 9171 9175 9183 9189 9212 9213 9214 9215 9233 9255 9274 9275 9276 9281 9282 9304 9306 9308 9309 9311 9314 9316 9373 9375 9392 9407 9414 9425 9441 9452 9457 9462 9468 9480 9490",1710
numpy/core/tests/test_memmap.py," 43 44 63 64 73 75 88 90 97 105 114 118 120 127 134 139 145 146 148 158 159 161 162 165 166 167 178 180 191 192 193 200 205",34
numpy/core/tests/test_nditer.py," 51 52 55 56 69 70 72 73 75 76 98 101 105 124 127 151 154 178 181 196 209 217 220 228 231 234 236 238 241 244 247 255 260 265 269 273 279 284 289 299 302 310 314 317 319 321 325 328 331 339 344 348 351 354 359 363 367 376 379 387 391 394 396 398 402 405 408 416 421 425 428 431 436 440 444 464 465 468 469 474 475 484 485 488 489 492 493 498 499 507 512 514 516 518 520 525 527 529 531 533 535 542 543 548 549 553 554 557 558 562 563 568 569 573 574 577 578 582 583 586 587 590 591 596 597 600 601 604 605 613 614 619 620 626 627 642 674 677 690 692 696 707 710 719 721 723 725 727 729 731 743 744 745 746 750 751 753 754 757 758 762 764 779 780 781 782 784 785 786 788 795 796 797 799 808 815 826 832 833 834 836 841 845 846 847 850 856 859 860 863 865 867 873 874 879 880 889 890 897 898 905 906 909 914 915 916 924 925 926 929 930 937 940 942 948 951 954 957 961 966 970 974 979 983 994 995 996 1002 1003 1004 1010 1011 1012 1018 1019 1020 1023 1024 1030 1035 1040 1054 1056 1060 1063 1067 1069 1072 1081 1082 1092 1100 1111 1126 1127 1136 1137 1142 1143 1148 1149 1154 1155 1160 1161 1167 1168 1169 1170 1171 1179 1180 1181 1189 1190 1191 1201 1208 1217 1219 1226 1233 1244 1245 1255 1256 1257 1267 1268 1269 1279 1280 1281 1289 1292 1298 1301 1305 1312 1319 1354 1358 1363 1367 1371 1377 1383 1389 1416 1424 1425 1450 1451 1456 1457 1467 1468 1481 1490 1491 1492 1497 1498 1499 1506 1507 1508 1517 1518 1519 1526 1529 1532 1535 1538 1547 1551 1552 1559 1560 1572 1573 1574 1580 1581 1582 1631 1636 1644 1645 1646 1653 1654 1655 1656 1660 1661 1663 1664 1665 1674 1676 1679 1681 1684 1686 1689 1691 1694 1696 1699 1710 1711 1714 1715 1719 1720 1723 1724 1735 1736 1739 1740 1766 1769 1787 1798 1799 1800 1801 1805 1808 1809 1811 1813 1814 1829 1844 1859 1874 1886 1898 1909 1921 1922 1923 1924 1925 1926 1927 1928 1929 1943 1944 1945 1946 1947 1948 1949 1950 1951 1954 1962 1979 1980 1997 2049 2051 2062 2065 2068 2079 2082 2085 2095 2098 2109 2112 2123 2126 2137 2140 2151 2154 2155 2166 2169 2170 2181 2184 2185 2186 2197 2200 2201 2202 2242 2246 2247 2250 2254 2255 2263 2315 2341 2345 2349 2358 2362 2366 2371 2375 2379 2388 2392 2396 2401 2405 2409 2418 2422 2432 2434 2444 2448 2449 2457 2461 2464 2475 2479 2485 2489 2496 2508 2512 2540 2541 2551 2552 2561 2562 2582 2583 2594 2595 2600 2609 2610 2618 2630 2646 2647 2662 2663 2765 2785 2788 2804 2827 2829 2830 2834 2844 2851 2871 2879 2888 2894 2895 2896 2897 2898 2901 2902 2906 2907 2911 2912 2924 2925 2926 2927 2935 2941 2968 2976 3020 3025 3031 3036 3037 3039 3046 3047 3048 3050 3069 3080 3104 3106 3112 3113 3117 3128 3155 3166 3199 3276 3280",571
numpy/core/tests/test_cpu_features.py," 69",2
numpy/core/tests/test_regression.py," 45 54 65 70 77 85 104 127 133 134 135 140 141 168 169 170 171 181 197 208 211 217 219 224 228 232 236 243 247 251 255 272 278 279 283 288 292 312 318 320 332 333 345 347 358 364 373 374 383 390 394 395 396 397 398 399 412 417 428 433 434 437 444 448 451 452 453 459 489 493 502 503 504 505 509 517 523 549 551 565 575 583 595 600 601 605 606 607 608 621 629 640 645 648 654 670 671 672 677 683 687 698 705 713 719 720 721 723 728 729 734 739 745 753 766 780 797 802 817 825 836 844 850 851 852 861 862 865 866 875 878 884 889 890 896 905 906 910 915 930 954 957 958 961 962 972 974 977 978 981 991 992 995 996 999 1000 1003 1004 1015 1016 1019 1020 1023 1026 1030 1031 1057 1059 1070 1086 1137 1139 1141 1143 1145 1147 1149 1150 1151 1152 1153 1154 1155 1156 1157 1158 1159 1160 1161 1165 1166 1167 1168 1169 1170 1171 1172 1173 1174 1175 1176 1177 1178 1179 1180 1181 1182 1183 1184 1185 1186 1187 1188 1189 1190 1191 1193 1194 1203 1204 1209 1214 1222 1230 1239 1240 1249 1250 1251 1252 1253 1254 1259 1264 1268 1275 1276 1287 1295 1324 1325 1342 1348 1349 1355 1356 1357 1358 1361 1362 1363 1364 1369 1370 1374 1375 1380 1381 1382 1389 1395 1397 1399 1402 1409 1414 1416 1420 1422 1424 1426 1428 1467 1470 1472 1473 1481 1492 1493 1498 1514 1522 1527 1528 1556 1565 1566 1569 1570 1574 1584 1592 1607 1618 1619 1623 1627 1632 1639 1642 1647 1653 1654 1655 1659 1665 1671 1672 1677 1679 1683 1688 1696 1698 1703 1704 1708 1715 1719 1720 1721 1722 1728 1729 1730 1759 1764 1797 1798 1799 1806 1807 1817 1825 1832 1833 1841 1847 1852 1860 1862 1866 1868 1876 1878 1887 1892 1893 1894 1895 1900 1902 1920 1931 1934 1942 1955 1957 1986 1995 1999 2009 2013 2017 2029 2033 2048 2053 2061 2063 2067 2069 2076 2084 2100 2106 2111 2125 2130 2136 2137 2138 2139 2147 2152 2154 2161 2168 2169 2170 2171 2172 2181 2182 2184 2186 2188 2195 2219 2220 2221 2230 2231 2232 2247 2253 2263 2265 2278 2287 2291 2311 2316 2317 2320 2321 2332 2335 2336 2347 2349 2362 2369 2373 2374 2375 2376 2401 2402 2414 2438 2444 2449 2457 2485 2495 2508 2521 2531 2561",441
numpy/core/code_generators/generate_umath.py," 89",2
numpy/core/code_generators/ufunc_docstrings.py," 55 57",3
numpy/core/_exceptions.py," 44",2
numpy/core/arrayprint.py," 1447",2
numpy/core/src/multiarray/arrayobject.c," 1306",2
numpy/core/src/multiarray/ctors.c,"",1
numpy/linalg/tests/test_linalg.py," 295 460 461 468 479 480 483 484 488 489 495 496 499 500 501 512 513 518 519 526 528 535 543 544 545 549 550 551 559 566 568 576 577 579 583 584 586 593 596 604 605 609 610 618 619 620 621 623 627 628 629 630 632 642 643 644 646 653 656 657 665 666 667 671 672 673 680 688 689 690 691 692 705 710 713 716 722 726 730 734 738 749 750 751 752 753 765 781 782 788 790 791 793 794 806 807 808 809 821 822 835 836 853 854 859 860 865 866 867 868 870 871 872 873 874 875 880 882 883 888 889 891 892 893 897 898 900 901 902 913 915 916 918 919 926 929 930 931 932 946 948 950 952 968 969 970 974 975 976 1014 1015 1025 1026 1037 1038 1049 1058 1059 1062 1063 1064 1070 1081 1084 1092 1096 1097 1098 1108 1111 1114 1117 1120 1128 1129 1131 1135 1136 1138 1149 1151 1156 1158 1168 1169 1173 1174 1175 1185 1188 1191 1194 1197 1205 1206 1207 1208 1210 1214 1215 1216 1217 1219 1229 1232 1238 1239 1240 1255 1261 1265 1269 1273 1277 1281 1320 1322 1335 1348 1359 1370 1383 1399 1418 1424 1428 1432 1436 1440 1444 1454 1455 1456 1457 1458 1459 1460 1461 1462 1464 1465 1466 1475 1476 1477 1478 1479 1480 1481 1482 1483 1494 1495 1496 1497 1498 1503 1504 1505 1508 1509 1510 1576 1580 1582 1584 1585 1587 1590 1592 1595 1596 1597 1601 1604 1605 1616 1618 1635 1636 1637 1638 1639 1640 1641 1642 1643 1647 1648 1649 1650 1651 1652 1653 1654 1655 1659 1660 1661 1676 1677 1678 1679 1692 1693 1694 1695 1698 1699 1700 1701 1730 1731 1732 1733 1734 1735 1736 1740 1741 1745 1746 1747 1748 1749 1750 1751 1755 1757 1761 1762 1763 1815 1816 1818 1822 1823 1824 1838 1843 1845 1859 1955 1956 1963 1964 1973 1983 1993 2003 2015 2016 2025 2026 2038 2066 2068 2071 2072 2096 2113 2134 2155 2177 2178 2179 2183",368
numpy/linalg/tests/test_deprecations.py," 18 19 20",4
numpy/linalg/tests/test_regression.py," 47 57 62 72 86 87 88 95 96 99 100 103 104 106 107 108 109 112 114 115 121 122 125 126 128 129 130 131 132 133 134 135 136 148",35
numpy/ma/testutils.py," 89 100 104 117 121 225 237 251 265 274 285 287 288",14
numpy/ma/tests/test_old_ma.py," 55 56 57 58 59 60 61 62 63 75 76 77 78 79 80 82 83 84 92 93 94 101 102 103 104 106 107 108 109 111 112 113 114 115 116 117 118 119 120 121 123 128 129 134 135 136 137 138 139 141 142 143 144 145 146 147 148 149 150 151 152 153 154 155 156 157 158 159 160 165 166 167 168 170 171 172 173 174 175 184 185 190 191 192 193 194 195 196 197 198 199 202 204 205 206 217 219 220 221 222 223 224 225 228 231 233 235 238 240 242 243 246 247 248 253 254 255 256 263 265 269 270 271 281 282 284 285 286 289 290 292 293 294 297 302 303 305 307 316 317 319 320 321 322 326 327 328 329 336 337 339 340 341 347 348 350 351 352 353 354 355 362 369 371 372 373 378 380 381 383 384 385 386 387 388 389 391 392 393 394 395 396 398 399 400 401 402 403 404 409 412 413 414 415 416 417 419 420 421 422 423 424 425 426 429 432 438 443 445 446 447 448 457 458 459 461 463 467 468 473 474 475 476 485 486 487 489 494 495 496 506 508 514 516 522 524 530 532 538 540 546 556 562 563 564 569 570 572 573 575 579 580 581 583 590 591 593 595 596 598 599 601 608 609 610 611 612 614 615 617 618 624 625 627 629 631 635 637 639 641 644 645 646 647 648 649 650 656 657 658 659 660 661 662 664 665 669 670 671 672 673 675 676 677 679 680 681 682 686 689 696 697 698 705 714 756 757 761 762 763 764 769 770 771 772 773 774 779 809 810 817 818 819 824 831 832 837 839 844 846 851 853 857 858 859 860 863 864 865",350
numpy/ma/tests/test_core.py," 89 90 91 92 93 98 100 102 104 109 110 111 114 115 116 117 118 119 120 121 122 134 135 136 137 138 139 140 141 142 148 149 150 151 159 160 162 163 168 169 171 172 181 186 187 188 195 196 203 205 210 212 214 216 233 234 238 239 246 259 276 277 278 279 284 287 292 295 302 303 309 310 311 318 319 324 335 337 338 339 340 341 342 343 346 349 351 353 356 358 360 361 364 365 366 371 372 373 374 382 384 388 389 390 400 401 402 404 405 406 409 411 412 414 416 417 420 425 426 428 430 432 434 437 438 443 444 446 447 453 457 458 466 472 473 476 477 480 482 483 487 488 489 498 502 575 576 598 599 615 616 618 620 621 630 631 632 639 640 641 649 650 659 665 666 667 671 672 673 674 675 679 682 683 684 685 686 687 694 696 697 698 703 705 706 709 710 711 712 713 714 715 723 726 727 728 729 738 742 749 754 763 766 769 778 782 786 788 796 797 804 806 811 812 813 814 815 816 817 818 819 820 821 822 823 824 825 834 845 854 855 861 862 863 871 872 873 879 880 887 890 894 903 904 905 908 909 910 911 917 927 929 934 939 940 946 955 956 963 964 969 970 975 976 981 982 988 989 990 991 994 1025 1026 1027 1034 1035 1036 1037 1038 1039 1040 1041 1042 1043 1044 1045 1046 1047 1048 1049 1050 1051 1052 1053 1061 1062 1065 1066 1070 1071 1077 1078 1083 1084 1090 1091 1092 1093 1094 1099 1100 1101 1102 1108 1109 1111 1113 1114 1120 1121 1125 1128 1129 1134 1135 1136 1137 1138 1139 1140 1141 1142 1143 1144 1145 1146 1147 1148 1149 1150 1151 1152 1153 1154 1155 1156 1157 1161 1162 1166 1167 1171 1172 1174 1175 1176 1180 1181 1182 1186 1187 1196 1197 1199 1200 1205 1206 1207 1208 1212 1217 1218 1221 1222 1225 1226 1229 1230 1236 1255 1259 1265 1266 1267 1268 1269 1270 1271 1272 1273 1274 1275 1276 1279 1280 1281 1294 1296 1299 1300 1304 1306 1313 1314 1318 1319 1322 1323 1328 1329 1330 1331 1332 1333 1334 1335 1336 1337 1341 1342 1343 1344 1354 1355 1356 1361 1362 1363 1371 1372 1373 1378 1379 1380 1390 1391 1392 1397 1398 1399 1407 1408 1409 1414 1415 1416 1424 1427 1430 1433 1439 1444 1449 1451 1452 1454 1455 1464 1465 1466 1468 1473 1474 1475 1480 1481 1482 1483 1484 1485 1501 1502 1506 1507 1515 1516 1517 1520 1521 1522 1526 1527 1528 1531 1532 1533 1537 1538 1539 1548 1549 1550 1558 1559 1560 1563 1564 1565 1569 1570 1571 1574 1575 1576 1580 1581 1582 1591 1592 1593 1612 1613 1614 1615 1616 1619 1621 1622 1623 1624 1625 1627 1636 1637 1638 1641 1642 1643 1647 1648 1649 1652 1653 1654 1657 1658 1659 1668 1669 1670 1673 1674 1675 1679 1680 1681 1684 1685 1686 1689 1690 1691 1701 1702 1703 1706 1707 1708 1712 1713 1714 1717 1718 1719 1722 1723 1724 1734 1735 1736 1739 1740 1741 1745 1746 1747 1750 1751 1752 1755 1756 1757 1769 1770 1771 1774 1775 1778 1779 1782 1786 1787 1788 1789 1791 1792 1793 1794 1814 1815 1816 1819 1820 1821 1830 1832 1834 1837 1849 1850 1851 1852 1853 1856 1857 1858 1861 1862 1865 1866 1867 1868 1872 1873 1877 1878 1880 1881 1885 1886 1888 1889 1891 1892 1902 1909 1911 1912 1915 1916 1923 1928 1934 1935 1941 1955 1956 1957 1958 1959 1960 1961 1962 1963 1967 1980 1987 1990 1996 1997 2007 2009 2012 2014 2015 2016 2024 2025 2028 2029 2035 2036 2044 2045 2051 2052 2062 2063 2073 2074 2077 2078 2081 2082 2083 2086 2087 2094 2095 2106 2107 2112 2118 2123 2124 2125 2128 2129 2130 2134 2135 2136 2145 2157 2162 2164 2172 2174 2178 2200 2201 2202 2203 2206 2207 2208 2209 2210 2213 2214 2215 2216 2217 2223 2224 2227 2228 2238 2239 2241 2246 2247 2259 2260 2265 2268 2271 2274 2280 2283 2286 2296 2301 2307 2316 2320 2328 2334 2335 2378 2379 2384 2385 2386 2387 2388 2394 2395 2396 2397 2398 2399 2407 2408 2409 2415 2416 2428 2429 2447 2448 2449 2450 2451 2452 2505 2507 2512 2513 2523 2524 2525 2531 2533 2543 2544 2545 2551 2553 2563 2564 2565 2574 2576 2582 2584 2594 2595 2596 2608 2614 2623 2624 2627 2628 2632 2633 2637 2638 2645 2646 2650 2651 2655 2656 2660 2661 2668 2669 2673 2674 2678 2679 2683 2684 2691 2692 2696 2697 2701 2702 2706 2707 2714 2715 2718 2719 2725 2727 2732 2733 2739 2741 2746 2747 2753 2755 2760 2761 2771 2773 2775 2788 2789 2790 2792 2801 2803 2805 2818 2819 2820 2822 2831 2833 2835 2848 2849 2850 2852 2868 2869 2871 2890 2891 2897 2924 2929 2934 2936 2959 2964 2973 2975 2986 2987 2990 2991 2993 3033 3034 3035 3036 3037 3038 3039 3040 3043 3044 3045 3046 3052 3055 3057 3061 3062 3066 3070 3076 3077 3091 3092 3093 3094 3095 3096 3098 3099 3100 3101 3102 3103 3110 3112 3113 3114 3117 3119 3120 3121 3127 3128 3129 3130 3131 3132 3133 3134 3136 3137 3138 3139 3141 3142 3143 3144 3159 3160 3161 3168 3174 3178 3179 3180 3181 3185 3186 3187 3188 3193 3194 3198 3199 3205 3208 3215 3218 3219 3222 3223 3228 3230 3237 3240 3241 3244 3245 3250 3252 3259 3262 3263 3266 3267 3272 3274 3283 3284 3286 3287 3288 3293 3294 3296 3297 3301 3302 3304 3305 3313 3314 3315 3316 3317 3318 3319 3328 3337 3341 3342 3347 3348 3352 3353 3358 3364 3367 3370 3375 3376 3377 3379 3380 3387 3388 3389 3390 3397 3398 3401 3402 3405 3406 3410 3411 3415 3419 3422 3423 3427 3433 3446 3447 3454 3457 3461 3462 3465 3466 3477 3482 3487 3505 3506 3509 3510 3524 3529 3531 3532 3537 3539 3544 3545 3547 3567 3570 3575 3576 3577 3581 3582 3585 3587 3602 3611 3612 3617 3618 3626 3627 3632 3633 3634 3635 3642 3650 3654 3662 3668 3674 3675 3679 3680 3689 3690 3699 3700 3706 3707 3711 3712 3717 3718 3725 3726 3728 3733 3734 3744 3745 3754 3755 3796 3798 3801 3803 3819 3820 3824 3830 3837 3838 3843 3844 3849 3851 3856 3858 3863 3864 3868 3870 3871 3875 3877 3879 3883 3885 3887 3894 3895 3898 3903 3910 3911 3915 3916 3919 3924 3927 3935 3936 3942 3943 3949 3950 3951 3952 3957 3958 3959 3961 3963 3964 3966 3968 3971 3972 3973 3985 3986 3987 3990 3991 3994 4000 4001 4002 4005 4006 4009 4014 4015 4017 4018 4020 4021 4028 4030 4031 4035 4041 4042 4043 4045 4046 4047 4049 4050 4051 4053 4054 4055 4095 4096 4097 4098 4100 4102 4105 4106 4107 4127 4128 4133 4134 4136 4137 4142 4143 4149 4150 4152 4153 4155 4156 4157 4158 4166 4173 4180 4188 4191 4193 4194 4197 4200 4210 4211 4212 4215 4221 4224 4225 4226 4227 4240 4241 4245 4251 4254 4260 4265 4270 4274 4275 4279 4280 4284 4285 4288 4290 4291 4292 4294 4295 4296 4310 4311 4314 4315 4318 4319 4324 4325 4327 4328 4343 4347 4353 4357 4358 4364 4365 4373 4374 4375 4376 4377 4378 4379 4382 4383 4384 4385 4386 4387 4394 4397 4398 4399 4400 4410 4411 4412 4414 4416 4424 4433 4434 4444 4445 4454 4455 4456 4463 4465 4467 4471 4472 4478 4479 4487 4488 4493 4494 4501 4508 4509 4512 4513 4516 4517 4520 4521 4524 4525 4526 4527 4533 4534 4539 4540 4545 4546 4552 4553 4558 4559 4564 4565 4572 4573 4580 4581 4585 4586 4591 4592 4597 4598 4604 4605 4608 4610 4611 4614 4621 4629 4631 4634 4639 4652 4658 4663 4670 4677 4679 4689 4692 4699 4707 4711 4713 4720 4728 4734 4737 4740 4745 4747 4767 4769 4772 4774 4777 4787 4788 4790 4791 4793 4802 4803 4805 4806 4808 4818 4819 4825 4829 4842 4843 4846 4847 4857 4858 4859 4861 4862 4863 4875 4877 4884 4887 4893 4897 4904 4909 4922 4923 4924 4925 4926 4927 4931 4932 4933 4934 4935 4938 4939 4940 4941 4950 4953 4957 4973 4974 4975 4980 4981 4982 4988 4989 4990 4996 4997 4998 5001 5002 5003 5004 5007 5008 5009 5010 5016 5017 5018 5021 5022 5023 5026 5027 5033 5034 5035 5053 5054 5062 5064 5068 5070 5094 5095 5096 5097 5098 5099 5100 5101 5102 5107 5108 5109 5110 5111 5112 5113 5114 5115 5116 5119 5122 5128 5135 5136 5137 5138 5151 5152 5157 5161 5171 5192 5193 5194 5197 5198 5199 5203 5204 5208 5209 5215 5221 5228 5229 5230 5233 5234 5243 5246 5249 5252 5255 5260 5266 5270 5279 5280 5288 5289 5292 5293 5301 5307 5308 5312 5320 5340 5341 5342 5343 5344 5345 5356 5357 5358 5360 5361 5364 5365 5369 5370 5371 5373 5376 5377 5388 5389 5390 5392 5393 5394 5396 5406 5407 5410 5411 5418 5448",1584
numpy/ma/tests/test_deprecations.py," 43 46 59 62 66 67 70 71",9
numpy/ma/tests/test_subclassing.py," 164 165 166 171 177 178 184 185 187 188 189 190 191 197 198 199 207 208 209 210 213 214 215 216 219 220 221 222 225 227 231 232 242 243 244 247 248 249 252 253 254 257 258 259 268 269 270 273 274 275 276 277 280 281 282 286 288 289 293 294 303 304 306 307 314 317 326 332 340 341 343 344 363 364 367 368 372 373 376 377 381 383 385 386",85
numpy/ma/tests/test_extras.py," 47 52 58 62 65 73 74 75 76 77 84 85 86 87 95 101 107 120 123 132 142 151 154 158 162 170 171 173 174 176 180 181 182 184 191 192 194 195 196 198 199 201 208 209 210 211 212 214 215 216 217 225 226 228 230 232 236 238 240 242 247 249 262 263 267 268 272 273 280 281 286 287 292 293 306 310 319 335 336 343 348 349 350 362 363 364 365 367 368 369 370 374 375 378 379 394 396 397 399 400 403 405 406 408 409 413 414 416 417 496 497 498 518 519 520 531 548 549 550 564 570 571 572 574 575 576 578 579 580 582 583 584 590 592 594 597 599 601 604 606 608 611 612 613 614 615 616 628 638 640 642 644 650 652 654 655 657 663 665 670 672 674 676 681 683 685 687 692 694 696 698 704 705 706 707 713 714 726 736 745 749 755 761 764 769 773 777 778 780 781 783 784 787 788 789 792 793 794 799 800 801 803 804 805 807 808 809 838 840 844 845 846 848 849 850 852 853 854 856 857 858 861 862 863 866 867 868 871 872 873 876 877 878 881 895 896 897 898 904 905 906 907 908 909 910 916 918 921 926 936 938 939 940 955 956 957 965 975 976 978 979 982 983 985 986 988 989 993 994 995 1002 1004 1006 1012 1013 1022 1023 1029 1035 1041 1047 1048 1049 1050 1056 1057 1058 1062 1063 1064 1065 1069 1070 1071 1079 1080 1082 1083 1084 1090 1091 1092 1100 1101 1109 1110 1114 1115 1121 1122 1126 1128 1139 1140 1141 1147 1148 1149 1158 1159 1160 1170 1171 1173 1184 1186 1190 1193 1211 1214 1215 1216 1217 1218 1226 1227 1228 1231 1236 1237 1241 1247 1248 1252 1261 1262 1266 1274 1275 1280 1282 1293 1297 1299 1301 1312 1323 1328 1333 1342 1344 1360 1369 1370 1371 1372 1378 1379 1380 1386 1387 1388 1394 1395 1396 1401 1402 1403 1410 1411 1412 1419 1420 1421 1425 1426 1427 1434 1435 1436 1440 1441 1442 1449 1450 1451 1456 1457 1458 1465 1466 1467 1468 1472 1473 1474 1482 1489 1494 1499 1500 1505 1506 1508 1525 1526 1529 1536 1541 1543 1549 1553 1555 1563 1571 1573 1580 1584 1586 1592 1601 1602 1603 1604 1605 1613 1614 1615 1619 1620 1621 1624 1625 1626 1630 1631 1632 1635 1636 1637 1641 1642 1643 1647 1648 1658 1659 1660 1663 1664 1667 1668 1669 1676 1677 1678 1681 1682 1685 1686 1687 1701 1702 1703 1707 1708 1709 1722 1723 1724 1728 1729 1730",484
numpy/ma/tests/test_mrecords.py," 41 42 43 45 46 54 55 58 59 60 62 63 64 66 67 68 70 71 72 73 76 77 79 80 84 86 96 97 100 101 103 104 114 115 116 117 118 128 129 131 132 140 141 149 150 155 156 163 164 165 166 170 171 179 180 181 184 185 186 195 196 197 201 202 203 215 219 220 221 222 225 229 230 231 232 235 244 245 248 249 250 271 273 275 278 280 281 290 291 292 293 304 305 307 319 327 333 337 344 363 364 365 371 372 373 379 380 381 382 383 406 409 420 423 425 428 430 433 434 435 442 443 446 447 450 451 455 456 472 473 474 475 482 483",135
numpy/ma/tests/test_regression.py," 46 47 53 60 72 77 80 81 82 87 91",12
numpy/ma/timer_comparison.py," 184 202 203 207 209 211 224 225 226 228 248 250 256 258 264 266 272 274 280 288 305 306 307 317 318 319 329 330 331",30
numpy/_version.py,"",1
numpy/tests/test_matlib.py," 8 11 15 18 22 26 30 37 46 51 58",12
numpy/tests/test_ctypeslib.py," 71 74 85 88 91 93 97 98 100 101 103 107 108 110 115 117 119 120 123 126 129 130 169 170 185 196 197 199 200 208 209 212 213 216 237 238 273 286 290 294 299 308 309 322 323 338 339 354 355 368",51
numpy/tests/test__all__.py,"",1
numpy/tests/test_numpy_version.py," 43",2
numpy/tests/test_reloading.py," 22 23 25 28 29 30 35",8
numpy/tests/test_public_api.py," 89 108 490",4
numpy/tests/test_scripts.py," 46",2
numpy/_pyinstaller/test_pyinstaller.py,"",1
numpy/array_api/tests/test_array_object.py," 40 41 42 43 44 45 46 48 49 50 51 52 53 54 55 58 59 60 61 62 66 67 68 69 70 71 74 75 76 79 80 81 82 152 170 176 189 208 228 230 243 244 245 247 248 250 252 257 260 270 271 272 273 276 277 278 279 283 284 286 287 289 290 292 293 300 301 303 304 309 311 312 314 315 316 317 321 323",79
numpy/array_api/tests/test_data_type_functions.py,"",1
numpy/array_api/tests/test_elementwise_functions.py," 101",2
numpy/array_api/tests/test_sorting_functions.py,"",1
numpy/array_api/tests/test_creation_functions.py," 27 28 29 32 34 36 37 44 45 49 50 54 55 62 63 64 69 70 71 76 77 78 83 84 85 90 91 92 97 98 99 104 105 106 111 112 113 118 119 120 125 126 127 132 133 134 142",48
numpy/typing/tests/test_isfile.py,"",1
numpy/f2py/crackfortran.py," 677 854 1143",4
numpy/f2py/tests/test_mixed.py," 18 19",3
numpy/f2py/tests/test_return_logical.py," 10 11 12 13 14 15 16 17 18 19 20 21 22 23 24 25 26 27 28 29 30 31 32 33 34 35 36 37 38 39 40 41 42 43 44 45",37
numpy/f2py/tests/test_common.py," 17 18",3
numpy/f2py/tests/test_kind.py," 24",2
numpy/f2py/tests/test_array_from_pyobj.py," 245 248 250 253 261 270 277 281 286 293 305 310 332 333 334 335 336 337 352 359 361 373 378 393 411 417 423 430 438 440 448 450 458 466 475 478 482 485 537 542 548 566 571 577 585 592 596 603 605 620 622",52
numpy/f2py/tests/test_return_real.py," 15 16 17 18 19 20 21 22 23 24 25 26 27 28 29 30 32 45",19
numpy/f2py/tests/test_symbolic.py," 59 64 67 72 75 80 84 89 96 104 107 112 115 122 129 140 141 142 143 145 146 147 148 149 150 151 152 153 155 156 157 158 159 160 163 165 167 168 169 170 172 173 174 175 176 177 178 187 188 191 195 197 199 201 204 205 206 207 208 209 210 217 218 219 220 221 222 225 226 227 228 229 231 232 243 244 245 246 247 249 250 251 252 253 254 255 256 258 260 262 267 268 269 272 273 274 282 283 284 285 286 287 288 290 292 304 305 306 307 308 309 310 311 312 313 314 316 317 318 319 321 322 325 326 328 329 330 332 333 334 336 337 338 339 340 341 342 343 344 345 347 348 351 353 356 364 366 367 368 369 370 371 372 374 375 376 377 378 379 381 382 383 384 385 386 399 400 401 402 403 404 405 406 407 410 455 456 457 458 459 460 461 463 464 465 466 475 476 477 478 479 480 481 488 489 490 491 492 493 494",201
numpy/f2py/tests/test_size.py," 23 28 31 34 39 42 45",8
numpy/f2py/tests/test_callback.py," 168 182",3
numpy/f2py/tests/test_string.py," 19 33 34 35 36 54 100",8
numpy/f2py/tests/test_module_doc.py,"",1
numpy/f2py/tests/test_quoted_character.py,"",1
numpy/f2py/tests/test_parameter.py," 39 50 57 68 79 90 101 112",9
numpy/f2py/tests/test_abstract_interface.py," 20 21",3
numpy/f2py/tests/test_semicolon_split.py," 65",2
numpy/f2py/tests/test_return_integer.py," 10 11 12 13 14 15 16 17 18 19 20 21 22 23 24",16
numpy/f2py/tests/test_return_character.py," 21 22 24 25 26",6
numpy/f2py/tests/test_return_complex.py," 14 15 16 17 18 19 20 21 22 23 24 25 26 27 28 29 30 31 32 33 34 47",23
numpy/f2py/tests/test_crackfortran.py," 20 21 28 40 50 52 53 54 61 63 64 68 71 102 111 114 115 118 119 122 123 225 232 233",25
numpy/f2py/tests/test_f2py2e.py," 142 165 195 214 216 233 234 241 242 266 267 280 281 333 371 389 421 556 584",20
numpy/f2py/tests/test_regression.py," 41 53 56",4
numpy/f2py/f2py2e.py,"",1
numpy/f2py/func2subr.py," 185",2
numpy/f2py/symbolic.py," 169 170 171 175 176 177 180 184 185 187 190 193 194 198 202 204 205 206 209 211 214 217 220 593 840 1249 1323",28
numpy/testing/tests/test_utils.py," 100 161 188 189 190 230 239 250 261 525 526 527 541 542 543 544 545 553 554 555 556 557 565 566 567 576 577 578 585 586 587 637 638 639 646 647 648 661 665 666 673 677 678 685 689 690 697 702 706 713 714 715 716 722 723 727 728 733 742 743 744 745 746 752 753 754 755 756 803 806 807 824 837 852 853 858 859 862 863 865 866 871 878 880 888 893 901 902 903 904 911 913 918 934 939 966 976 980 1007 1017 1021 1048 1059 1060 1064 1068 1069 1071 1111 1112 1114 1118 1119 1121 1155 1162 1169 1175 1209 1210 1213 1215 1221 1259 1274 1285 1304 1308 1314 1319 1326 1332 1343 1353 1354 1355 1361 1366 1373 1378 1384 1389 1394 1401 1416 1430 1431 1432 1433 1443 1444 1445 1446 1455 1456 1474 1483 1493 1503 1511 1519 1520 1527 1535 1536 1550 1565 1579 1612",170
numpy/testing/_private/extbuild.py," 52",2
numpy/testing/_private/utils.py," 337 370 371 576 577 934 1046 1128 1306 1307 1335 1337 1470 1530 1792 2092 2093 2317",19
numpy/testing/_private/parameterized.py," 274 374",3
numpy/lib/nanfunctions.py," 1208 1365 1524",4
numpy/lib/tests/test_type_check.py," 23 24 25 26 27 28 35 36 37 38 39 43 44 45 46 47 48 49 50 51 52 54 55 56 58 59 60 61 62 63 64 67 69 70 71 73 74 75 76 78 84 85 86 87 88 95 99 100 104 105 109 113 114 118 119 126 130 131 135 136 140 144 145 149 150 158 163 171 176 183 185 188 189 192 193 201 220 229 235 237 245 249 253 257 260 263 267 276 280 284 288 291 294 298 307 311 315 319 323 327 335 336 337 345 346 347 355 356 357 358 364 365 366 373 374 375 376 377 384 385 386 387 391 392 394 395 399 400 402 403 407 408 410 411 415 416 418 419 427 428 435 436 449 450 451 452 460 461 463 465 472 473",153
numpy/lib/tests/test_utils.py," 73 77 81 82 86 101 103 110 115 130 136 142 150 173 174",16
numpy/lib/tests/test_twodim_base.py," 38 44 48 54 61 67 73 78 85 86 87 88 89 90 91 92 93 96 100 105 118 124 125 133 137 140 148 149 150 151 152 153 156 161 164 169 176 181 203 205 207 208 209 223 224 225 235 240 244 247 269 270 277 278 290 292 294 296 297 299 314 315 323 324 326 327 349 350 351 352 364 365 375 376 382 383 386 387 394 397 414 416 421 427 434 440 461 463 469 475 484 490 499 500 506 507 520 525 533 542",101
numpy/lib/tests/test_polynomial.py," 18 23 24 29 33 40 41 42 43 49 50 51 55 56 57 58 59 60 61 62 63 73 74 75 81 83 85 89 93 98 103 106 109 110 111 112 113 115 119 122 127 134 152 156 159 163 166 170 175 179 182 183 184 185 192 193 197 198 202 203 207 208 214 216 218 219 220 222 228 230 249 257 260 263 268 269 270 271 272 278 279 280 285 286 288 289 296 299 303",90
numpy/lib/tests/test__iotools.py," 23 29 31 37 40 46 50 55 61 65 69 74 78 89 91 93 95 98 105 111 113 115 117 123 124 131 132 147 148 154 157 158 166 167 170 171 174 175 183 184 185 192 193 194 195 209 211 213 221 222 229 230 235 236 242 255 257 263 271 273 275 281 284 287 291 295 299 302 306 308 311 314 318 322 326 339 343 347 349 353",81
numpy/lib/tests/test_shape_base.py," 58 60 62 64 72 79 97 104 110 115 120 134 135 138 139 150 157 158 163 167 168 171 172 177 187 188 195 196 208 209 221 226 227 228 229 230 236 241 244 245 249 254 255 266 270 277 286 287 291 292 293 294 299 300 303 304 308 315 316 317 323 392 399 417 427 467 472 482 492 501 508 515 522 529 543 549 572 576 582 597 601 605 612 634 635 636 641 642 643 653 654 655 656 666 673 692 700 701 702 703 704 705 712 719 720 733 740 741 742 743 745 746 747 748 758",116
numpy/lib/tests/test_ufunclike.py," 19 20 32 34 35 47 49 50 51 72 73 74 80 81 85 86 87 93 94 99 100 104",23
numpy/lib/tests/test_index_tricks.py," 37 38 39 40 41 42 43 44 45 46 47 49 54 59 61 63 68 73 74 75 77 79 81 83 87 100 122 123 127 134 135 139 146 156 157 162 164 165 191 192 193 194 195 196 197 198 202 203 208 209 210 211 212 213 214 216 226 241 242 248 249 254 255 259 264 270 273 277 281 286 290 296 297 298 300 301 302 305 306 307 313 321 322 327 328 335 338 342 350 351 352 357 361 367 368 370 375 382 391 407 423 433 456 469 482 483 499 502 506 510 513 517",113
numpy/lib/tests/test_arrayterator.py," 28 40 43 46",5
numpy/lib/tests/test__version.py," 11 14 19 20 21 22 26 28 31 33 37 39 41 45 46 50 52 54 58 59 64",22
numpy/lib/tests/test_io.py," 187 188 197 198 199 231 232 241 242 243 276 279 281 320 330 338 346 350 351 358 368 377 384 392 399 406 410 421 427 435 443 451 519 544 552 560 571 573 619 622 640 649 654 664 676 695 705 714 719 727 734 743 753 762 771 780 791 807 815 823 830 835 844 854 858 868 869 874 880 904 913 923 932 938 940 941 949 954 968 976 984 998 1030 1046 1050 1057 1067 1073 1074 1075 1076 1077 1078 1084 1086 1090 1096 1099 1102 1108 1111 1114 1119 1120 1128 1136 1157 1162 1171 1180 1188 1197 1201 1211 1227 1248 1259 1269 1283 1287 1295 1315 1323 1330 1335 1343 1347 1355 1359 1368 1372 1383 1396 1399 1404 1407 1415 1419 1420 1421 1429 1435 1437 1444 1452 1464 1482 1485 1496 1497 1504 1526 1529 1538 1548 1551 1562 1573 1580 1585 1598 1606 1614 1618 1628 1633 1647 1665 1667 1676 1688 1696 1703 1710 1719 1720 1730 1737 1741 1749 1758 1759 1764 1772 1775 1783 1787 1795 1804 1813 1814 1821 1822 1835 1844 1854 1868 1872 1878 1882 1891 1892 1900 1910 1924 1925 1944 1945 1949 1952 1962 1971 1979 1988 1997 2006 2015 2018 2022 2025 2035 2042 2049 2059 2066 2073 2083 2096 2105 2110 2115 2124 2130 2138 2146 2147 2152 2153 2164 2165 2166 2167 2171 2172 2173 2179 2180 2181 2186 2197 2202 2215 2222 2223 2252 2258 2267 2268 2275 2276 2277 2286 2287 2294 2295 2296 2302 2303 2310 2311 2317 2318 2326 2327 2330 2337 2340 2344 2352 2356 2366 2372 2386 2402 2411 2428 2430 2431 2432 2434 2435 2436 2441 2442 2443 2451 2452 2453 2454 2455 2456 2465 2466 2475 2476 2486 2487 2488 2499 2510 2519 2528 2549 2557 2565 2574 2586 2587 2599 2600 2614 2651 2673 2684 2697 2698 2699 2700 2703 2704 2706 2709 2711 2730",335
numpy/lib/tests/test_arraysetops.py," 31 32 42 44 52 53 54 61 62 63 72 73 82 83 91 98 105 107 114 115 116 117 118 119 120 121 123 124 125 126 195 210 215 220 224 225 226 229 230 231 235 236 237 248 253 258 265 271 277 283 289 295 297 306 315 325 326 327 328 335 342 349 359 366 368 381 383 390 392 400 408 410 418 424 426 428 435 440 450 462 466 467 471 472 476 477 481 482 483 487 488 489 493 494 495 500 501 502 503 538 545 547 548 554 562 563 564 565 573 574 575 576 584 585 586 587 596 597 598 599 608 609 610 611 619 620 621 622 625 629 630 636 637 654 659 665 674 675 676 677 678 684 685 686 687 688 700 713 714 723 733 737 741 749 754 756 758 763 765 767",161
numpy/lib/tests/test_function_base.py," 50 51 52 53 69 71 73 75 77 78 82 83 84 106 107 108 111 118 119 120 121 126 131 136 141 154 167 180 185 193 201 208 215 224 225 226 230 231 232 241 242 243 244 248 249 250 258 260 261 268 269 271 272 274 275 277 278 282 283 285 292 294 296 301 302 305 306 313 319 324 332 333 338 345 348 351 356 360 364 372 373 381 387 406 409 410 415 417 420 425 429 432 433 439 441 442 455 456 457 458 459 460 461 463 464 471 477 478 479 480 487 488 490 491 494 495 499 501 505 506 510 512 526 527 528 529 530 533 538 545 548 566 570 571 578 582 583 590 594 595 597 598 613 617 621 634 635 637 638 640 654 655 656 658 661 665 678 679 680 684 689 690 697 698 699 700 701 702 703 706 714 715 716 717 721 724 726 727 728 729 740 741 748 749 751 754 755 756 760 761 762 763 768 770 774 776 778 780 786 788 791 796 798 802 804 806 808 821 824 871 872 873 874 875 884 885 898 904 914 915 939 947 948 949 951 952 953 954 955 956 967 968 975 978 983 995 1003 1023 1024 1025 1026 1030 1031 1035 1036 1044 1045 1046 1049 1052 1057 1058 1059 1060 1064 1065 1066 1067 1075 1076 1077 1078 1081 1083 1086 1089 1091 1092 1103 1104 1110 1118 1119 1120 1121 1122 1129 1138 1146 1156 1171 1172 1180 1181 1182 1200 1206 1212 1219 1222 1227 1238 1243 1248 1255 1260 1264 1267 1270 1271 1277 1286 1310 1321 1327 1334 1345 1348 1358 1369 1380 1381 1392 1393 1394 1404 1405 1427 1429 1432 1445 1446 1447 1458 1466 1473 1481 1485 1495 1497 1508 1509 1515 1528 1529 1535 1538 1539 1541 1543 1545 1547 1551 1552 1554 1556 1558 1580 1588 1596 1601 1602 1603 1608 1611 1614 1618 1624 1627 1635 1636 1641 1642 1682 1689 1692 1695 1712 1713 1718 1719 1755 1758 1767 1772 1777 1783 1785 1790 1795 1800 1805 1806 1808 1809 1811 1812 1814 1816 1821 1823 1831 1832 1837 1844 1851 1853 1857 1859 1863 1868 1870 1891 1895 1897 1899 1912 1916 1918 1920 1933 1937 1939 1941 1954 1958 1960 1962 1975 1979 1981 1983 1992 2017 2019 2021 2025 2027 2029 2039 2042 2045 2051 2054 2061 2062 2069 2070 2072 2074 2084 2085 2091 2116 2121 2122 2125 2126 2132 2135 2136 2137 2138 2144 2145 2148 2154 2155 2160 2165 2166 2168 2175 2176 2199 2204 2205 2210 2215 2216 2218 2224 2229 2231 2234 2237 2239 2241 2244 2246 2248 2250 2253 2254 2256 2258 2260 2262 2294 2301 2302 2309 2318 2319 2331 2335 2345 2346 2348 2350 2353 2367 2378 2382 2389 2393 2394 2400 2403 2409 2410 2411 2412 2414 2418 2419 2437 2438 2443 2444 2449 2450 2459 2460 2465 2466 2467 2468 2469 2473 2474 2475 2479 2480 2481 2489 2493 2497 2501 2505 2508 2510 2512 2517 2521 2526 2530 2535 2536 2540 2541 2545 2550 2555 2557 2559 2566 2572 2580 2581 2588 2592 2598 2604 2609 2612 2617 2619 2625 2630 2635 2639 2642 2647 2650 2662 2663 2667 2668 2683 2684 2685 2686 2687 2693 2709 2710 2716 2717 2723 2724 2730 2731 2737 2739 2741 2743 2745 2751 2753 2772 2773 2774 2775 2779 2780 2781 2784 2788 2789 2790 2791 2792 2793 2794 2795 2799 2800 2801 2802 2806 2807 2808 2809 2810 2811 2819 2823 2826 2832 2839 2845 2851 2852 2855 2856 2861 2868 2871 2878 2879 2880 2882 2883 2889 2890 2893 2894 2897 2898 2901 2902 2917 2977 2979 2984 2986 2988 2990 2995 2997 3011 3016 3019 3022 3026 3027 3028 3029 3030 3031 3034 3036 3038 3040 3042 3044 3046 3052 3053 3055 3056 3058 3059 3062 3063 3065 3066 3068 3069 3073 3074 3077 3078 3081 3082 3086 3087 3090 3091 3094 3095 3100 3101 3102 3103 3106 3113 3120 3124 3130 3131 3134 3135 3141 3142 3146 3147 3152 3153 3154 3155 3156 3157 3158 3159 3161 3164 3168 3170 3172 3174 3180 3184 3189 3192 3197 3200 3205 3207 3209 3212 3214 3219 3221 3223 3225 3227 3229 3231 3236 3237 3238 3239 3241 3242 3243 3247 3249 3251 3253 3255 3257 3260 3262 3268 3269 3271 3272 3275 3276 3284 3288 3292 3299 3300 3301 3309 3310 3316 3323 3329 3335 3342 3348 3382 3383 3384 3390 3391 3394 3395 3401 3402 3405 3406 3409 3410 3413 3414 3417 3418 3422 3429 3434 3454 3458 3468 3474 3475 3504 3506 3524 3533 3534 3535 3536 3537 3538 3541 3543 3545 3547 3549 3561 3563 3564 3565 3566 3567 3577 3578 3579 3580 3588 3593 3595 3597 3599 3604 3606 3607 3622 3632 3637 3639 3641 3649 3651 3653 3658 3659 3666 3667 3673 3679 3685 3692 3693 3694 3701 3702 3706 3707 3713 3714 3718 3720 3725 3727 3729 3731 3732 3733 3737 3739 3741 3743 3745 3747 3749 3754 3755 3756 3757 3758 3762 3764 3766 3768 3770 3772 3779 3780 3783 3793 3794 3795 3850 3851 3858 3859",903
numpy/lib/tests/test_arraypad.py," 52 120 126 133 160 184 208 232 256 280 304 328 342 356 382 404 428 442 473 484 522 546 566 587 611 628 641 648 654 670 675 701 715 734 739 740 741 742 755 760 786 810 833 855 860 865 870 894 920 944 968 991 1013 1018 1023 1028 1054 1114 1119 1124 1129 1138 1142 1163 1171 1176 1181 1188 1189 1194 1214 1220 1229 1304 1310 1332 1346 1347 1354 1356",81
numpy/lib/tests/test_mixins.py," 62 66 67 138 139 207",7
numpy/lib/tests/test_packbits.py," 14 16 28 29 49 50 74 84 86 90 96 97 114 115 154 155 172 173 209 211 227 228 235 238 239 240 241 242 243 250 251 270 271 277 278 280 282 313 314 322 323 337 338 343 344 356 358 360 364 366 368 372 374 376",55
numpy/lib/tests/test__datasource.py," 105 110 113 118 123 139 155 168 171 176 180 185 201 207 209 215 222 224 232 233 234 235 237 238 267 271 273 274 298 302 305 316 330 334",35
numpy/lib/tests/test_stride_tricks.py," 30 52 59 60 79 80 101 104 107 130 132 162 164 177 179 221 224 226 230 231 257 276 283 284 285 286 287 288 291 293 328 330 331 334 348 351 358 363 368 377 378 379 384 390 396 397 408 421 431 443 456 479 485 487 497 499 505 509 511 517 538 540 542 546 547 552 553 554 556 557 558 559 564 565 567 568 569 576 577 587 591 594 602 608 616 633 635 642 645",90
numpy/lib/tests/test_recfunctions.py," 79 85 90 95 105 106 112 116 120 124 130 134 138 142 150 155 164 169 181 182 186 187 191 192 196 197 201 202 211 212 216 217 223 224 225 229 234 239 241 252 256 258 266 267 276 277 284 301 304 307 310 313 325 329 331 336 339 341 346 358 369 391 393 396 398 404 409 418 424 425 433 439 448 456 466 468 469 478 502 524 533 542 556 574 575 578 579 587 591 595 607 608 616 617 627 641 642 654 655 670 671 672 683 684 697 698 725 726 727 749 778 806 823 831 836 849 862 875 876 881 892 918 937 957 958 979",127
numpy/lib/tests/test_nanfunctions.py," 104 112 113 122 126 132 149 158 159 160 164 175 176 178 179 181 189 190 191 196 197 199 200 205 206 207 211 212 217 218 219 271 282 283 284 305 308 312 323 324 326 327 329 393 395 409 411 425 427 438 446 454 455 468 472 485 489 498 502 508 512 525 526 529 530 533 534 555 563 566 569 614 622 625 628 636 644 647 653 656 665 666 677 683 692 705 707 709 726 733 741 742 743 747 748 781 788 798 800 802 804 806 808 816 817 822 823 825 826 842 847 858 861 863 869 872 874 881 882 883 887 888 891 895 896 897 898 899 906 907 908 913 914 915 919 926 927 929 930 931 936 937 938 942 943 944 954 963 973 975 977 979 981 983 991 992 997 998 1000 1001 1006 1010 1025 1033 1034 1035 1039 1040 1043 1046 1047 1051 1052 1053 1054 1055 1072 1078 1081 1091 1092 1094 1096 1098 1103 1104 1105 1112 1117 1132 1154 1176 1179 1183 1185 1186",197
numpy/lib/tests/test_loadtxt.py," 38 79 86 87 88 89 96 103 118 126 153 154 155 156 203 204 224 239 244 251 263 264 277 291 302 319 327 336 357 358 377 385 387 395 400 426 436 446 476 531 547 572 601 608 616 622 686 698 708 747 773 784 790 795 882 957 965 979 987 1006",61
numpy/lib/tests/test_format.py," 438 445 451 458 484 497 524 531 555 556 558 560 561 566 570 589 592 646 649 661 666 670 673 692 698 703 766 767 769 770 775 781 785 786 787 788 798 810 811 823 824 830 832 836 843 851 876 898 925 957 958 959",53
numpy/lib/tests/test_histograms.py," 29 34 35 36 38 39 50 51 62 63 71 77 78 82 89 95 103 107 111 116 119 132 135 138 141 148 163 164 165 174 175 181 185 188 194 207 211 220 224 231 235 236 242 248 249 265 266 271 309 310 314 316 320 322 340 341 343 344 346 347 353 354 375 378 392 395 413 418 422 437 438 463 483 492 505 518 521 524 544 560 591 600 601 622 627 635 645 650 659 673 680 682 684 689 693 695 701 702 705 713 715 717 724 725 729 730 734 735 739 740 762 772 773 785 808 812 820 821 829 830",121
numpy/lib/tests/test_regression.py," 22 32 43 44 56 72 78 79 100 107 111 115 121 124 133 152 153 158 182 183 187 188 189 190 211 215 219 224",29
numpy/lib/function_base.py," 3789 4093 4370",4
numpy/fft/tests/test_pocketfft.py," 31 33 38 39 40 42 58 60 62 64 69 71 73 75 83 85 87 95 97 99 121 122 124 126 131 132 134 136 141 142 144 146 151 152 154 156 161 162 164 166 173 174 176 178 185 201 228 229 258 266 290",52
numpy/fft/tests/test_helper.py," 17 20 21 26 31 32 34 35 38 39 55 56 57 58 66 67 75 76 77 78 81 82 83 84 129 132 140 141 143 144 151 152 154 155",35
numpy/random/tests/test_generator_mt19937.py," 48 52 54 56 58 62 66 67 71 72 73 76 86 87 91 102 104 105 110 111 112 113 114 115 122 123 126 127 137 193 196 199 202 205 210 214 234 235 236 237 242 255 267 279 297 308 324 458 459 463 464 484 485 513 520 537 543 558 581 632 643 652 653 664 667 673 675 677 679 680 717 725 731 743 751 755 763 769 784 790 796 802 805 811 817 823 829 833 834 835 838 839 840 841 843 844 845 852 853 854 855 856 857 861 865 866 867 868 869 870 874 879 880 881 882 883 886 887 888 889 890 891 893 898 907 928 934 961 971 975 983 992 1011 1013 1014 1016 1019 1021 1035 1040 1043 1046 1053 1063 1066 1071 1073 1074 1088 1094 1104 1107 1111 1139 1147 1152 1160 1172 1174 1179 1184 1185 1186 1187 1188 1189 1191 1196 1199 1200 1201 1202 1212 1227 1237 1245 1248 1249 1257 1265 1268 1269 1277 1280 1281 1282 1283 1285 1286 1294 1297 1298 1306 1311 1315 1320 1324 1332 1335 1336 1344 1352 1355 1356 1364 1368 1369 1380 1396 1401 1412 1419 1433 1443 1466 1467 1475 1479 1492 1493 1501 1507 1514 1523 1528 1536 1539 1540 1562 1567 1568 1569 1570 1572 1573 1581 1589 1592 1593 1601 1609 1612 1620 1626 1634 1643 1647 1657 1661 1662 1670 1673 1681 1690 1698 1705 1706 1707 1708 1709 1719 1721 1723 1727 1728 1729 1751 1759 1765 1770 1782 1784 1791 1799 1807 1811 1812 1820 1839 1843 1854 1855 1860 1861 1873 1874 1875 1879 1888 1889 1899 1900 1912 1913 1914 1919 1920 1921 1933 1934 1935 1940 1941 1942 1956 1957 1959 1960 1961 1966 1967 1968 1969 1974 1975 1976 1977 1983 1992 1993 2005 2006 2007 2012 2013 2014 2023 2024 2034 2035 2039 2040 2049 2050 2059 2060 2069 2070 2081 2082 2087 2088 2099 2100 2105 2106 2116 2117 2121 2122 2123 2134 2135 2139 2152 2153 2164 2165 2166 2170 2171 2172 2186 2187 2188 2195 2196 2197 2204 2205 2206 2210 2211 2212 2225 2226 2227 2228 2232 2233 2234 2235 2248 2249 2250 2251 2256 2257 2258 2259 2272 2273 2274 2284 2285 2287 2288 2299 2300 2301 2315 2316 2317 2318 2319 2323 2324 2325 2326 2327 2332 2333 2334 2335 2336 2338 2339 2340 2341 2344 2345 2346 2357 2358 2359 2370 2376 2382 2390 2412 2414 2423 2424 2429 2431 2434 2460 2462 2508 2529 2532 2535 2546 2549 2552 2560 2563 2566 2586 2594 2601 2635 2652",454
numpy/random/tests/test_randomstate.py," 58 59 60 61 67 69 73 75 77 79 83 84 88 89 90 91 92 98 108 118 119 123 134 136 137 142 143 144 145 146 147 154 155 158 168 189 196 207 218 219 231 232 238 243 250 253 260 263 275 281 282 283 284 292 295 298 321 322 326 327 353 359 383 406 415 423 424 440 446 454 458 466 473 477 483 484 500 504 516 519 525 526 548 552 558 564 570 576 582 586 587 588 589 592 593 594 595 597 598 599 606 607 608 609 610 611 615 619 620 621 622 623 624 628 633 634 635 636 637 640 641 642 643 644 645 647 652 661 667 694 712 719 724 728 732 739 748 756 761 769 781 783 788 793 794 795 796 797 798 800 805 815 823 826 827 835 843 846 847 855 858 859 860 861 864 865 873 876 877 885 890 894 899 903 911 914 915 923 931 934 935 943 948 949 960 975 980 986 989 1000 1019 1024 1034 1040 1047 1056 1061 1069 1072 1073 1096 1101 1102 1103 1104 1107 1108 1116 1124 1127 1128 1136 1144 1152 1155 1156 1164 1170 1178 1187 1195 1202 1203 1204 1205 1206 1233 1241 1247 1256 1261 1269 1277 1281 1282 1290 1312 1316 1329 1330 1334 1335 1349 1350 1351 1355 1356 1357 1369 1370 1382 1383 1397 1398 1399 1403 1404 1405 1419 1420 1421 1425 1426 1427 1443 1444 1446 1447 1448 1452 1453 1454 1455 1459 1460 1461 1462 1468 1480 1481 1495 1496 1497 1501 1502 1503 1515 1516 1517 1530 1531 1535 1536 1548 1549 1550 1562 1563 1564 1576 1577 1578 1591 1592 1596 1597 1610 1611 1615 1616 1629 1630 1634 1635 1636 1649 1650 1651 1655 1656 1657 1669 1670 1684 1685 1686 1687 1688 1692 1693 1694 1695 1696 1712 1713 1714 1720 1721 1722 1728 1729 1730 1734 1735 1736 1749 1750 1751 1752 1756 1757 1758 1759 1772 1773 1774 1775 1779 1780 1781 1782 1795 1796 1797 1807 1808 1810 1811 1822 1823 1824 1839 1840 1841 1842 1843 1847 1848 1849 1850 1851 1855 1856 1857 1858 1859 1861 1862 1863 1864 1875 1876 1877 1903 1905 1951 1972 1975 1978 1986 1989 1992 2001 2012",405
numpy/random/tests/test_direct.py," 44 140 141 144 145 147 148 178 182 186 211 212 217 218 224 225 230 231 235 236 240 241 242 252 255 259 296 304 312 334 428 429 430 431 432 433 444 448 470",40
numpy/random/tests/test_extending.py," 85",2
numpy/random/tests/test_smoke.py," 20 22 24 26 123 129 139 144 153 154 155 159 160 161 164 165 166 168 169 170 173 177 180 184 185 189 194 201 207 211 215 216 223 236 246 256 266 271 276 280 282 284 286 288 292 296 301 306 310 314 319 323 327 331 335 339 343 345 347 349 353 357 361 363 368 372 376 381 385 389 393 395 397 399 403 405 409 411 417 419 421 422 426 428 432 437 443 461 468 475 483 494 495 496 507 508 509 520 521 522 533 534 535 546 557 568 575 586 593 604 611 623 630 667 670 675 680 686 693 696 699 737 738 805",125
numpy/random/tests/test_randomstate_regression.py," 24 25 36 48 52 64 74 89 101 102 140 141 152 153 165 170 172 174 176 187 193 202 209 210",25
numpy/random/tests/test_seed_sequence.py," 54 64 73 77",5
numpy/random/tests/test_generator_mt19937_regressions.py," 20 21 25 37 41 53 62 77 89 129 130 141 142 145 146 150",17
numpy/random/tests/test_random.py," 20 24 26 28 30 34 35 39 40 41 42 43 49 61 62 66 77 79 80 85 86 87 88 89 90 97 98 99 100 113 120 131 142 143 160 166 167 168 169 177 180 183 206 207 211 212 239 245 268 277 285 286 302 310 318 325 329 341 344 366 372 378 384 391 397 401 402 403 404 407 408 409 410 412 413 414 421 422 423 424 425 426 430 434 435 436 437 438 439 443 448 449 450 451 452 455 456 457 458 459 460 462 467 473 499 541 550 559 562 565 580 588 596 608 613 614 615 616 617 618 620 625 628 629 630 631 639 642 643 651 659 662 663 671 679 682 683 691 696 700 705 709 717 720 721 729 737 740 741 749 760 775 780 786 789 800 808 816 822 829 838 846 849 850 873 878 879 880 881 889 897 900 901 909 917 925 928 929 937 945 954 962 969 970 971 972 973 1002 1010 1024 1032 1036 1037 1045 1070 1074 1087 1088 1092 1093 1107 1108 1109 1113 1114 1115 1127 1128 1140 1141 1155 1156 1157 1161 1162 1163 1177 1178 1179 1183 1184 1185 1201 1202 1203 1204 1208 1209 1210 1211 1215 1216 1217 1218 1224 1236 1237 1251 1252 1253 1257 1258 1259 1271 1272 1285 1286 1290 1291 1303 1304 1316 1317 1329 1330 1343 1344 1348 1349 1362 1363 1367 1368 1381 1382 1386 1387 1400 1401 1405 1406 1418 1419 1433 1434 1435 1439 1440 1441 1442 1443 1459 1460 1461 1467 1468 1469 1475 1476 1477 1492 1493 1494 1495 1499 1500 1501 1502 1515 1516 1517 1518 1522 1523 1524 1525 1538 1539 1540 1550 1551 1553 1554 1565 1566 1567 1582 1583 1584 1585 1586 1590 1591 1592 1593 1594 1598 1599 1600 1601 1602 1613 1614 1615 1641 1643 1686 1707 1710 1713 1739 1742 1745",344
numpy/random/tests/test_regression.py," 20 21 32 44 48 60 70 85 97 98 136 137 148 149",15
numpy/matrixlib/tests/test_defmatrix.py," 24 25 29 33 37 50 51 52 56 71 72 73 75 76 77 81 82 83 85 86 87 90 94 95 96 98 99 100 104 105 106 108 109 110 114 115 116 121 122 130 131 132 133 137 138 139 146 152 153 154 155 156 157 158 160 161 162 163 165 166 167 169 170 176 180 181 185 190 200 201 202 207 208 220 226 229 230 231 235 246 247 248 254 304 305 306 308 309 318 327 332 336 341 342 344 345 347 348 352 353 354 355 358 359 360 364 368 369 370 371 377 378 384 385 391 393 396 405 406 409 410 413 414 417 418 422 423 424 425 427 428 429 430 434 435 436 437 440 441 444 445 452 453",144
numpy/matrixlib/tests/test_interaction.py," 28 38 46 47 56 57 65 66 75 76 84 85 98 99 100 110 111 112 120 123 131 135 136 140 141 142 149 158 159 169 170 172 173 175 182 183 184 189 190 192 193 198 199 200 211 212 214 215 217 221 222 224 225 227 228 234 240 241 253 273 274 277 278 285 286 287 288 300 301 303 304 306 310 311 321 322 328 337 351 353 354",82
numpy/matrixlib/tests/test_numeric.py," 15 16 17",4
numpy/matrixlib/tests/test_masked_matrix.py," 43 44 45 46 47 48 49 52 55 57 59 62 64 65 67 68 71 72 74 81 82 83 88 89 92 93 99 100 101 106 111 117 118 132 133 134 135 136 137 139 140 141 142 143 144 149 150 153 158 159 168 169 170 184 190 191 197 198 200 201 203 204 205 211 212 213 219 227 230 231",71
numpy/matrixlib/tests/test_multiarray.py," 13 15 16",4
numpy/matrixlib/tests/test_regression.py," 14 15 17 18 25 30 31",8
numpy/polynomial/tests/test_chebyshev.py," 45 51 54 57 60 73 83 86 87 91 101 112 121 136 145 151 152 153 160 165 170 177 182 187 196 201 210 215 222 223 224 225 226 227 233 243 251 261 271 281 291 301 309 313 317 324 325 331 338 345 353 357 368 371 376 379 388 392 401 405 418 419 420 421 422 423 424 425 426 427 428 435 436 438 439 442 443 445 446 449 450 453 455 462 464 467 469 473 474 479 481 482 491 492 496 507 513 514 519 522 537 541 548 553 556 557 561 567 570 571 572 575 579 583 589 593 594 598 600 602 604 608 609 613 615 617 619",128
numpy/polynomial/tests/test_hermite_e.py," 37 40 43 57 67 70 71 75 88 89 100 109 124 133 139 140 141 148 153 158 165 170 175 184 189 198 203 210 211 212 213 214 215 221 231 239 249 259 269 279 289 297 301 305 312 313 319 326 334 342 346 357 360 365 368 377 381 390 394 407 408 409 410 411 412 413 414 415 416 417 424 425 427 428 431 432 434 435 438 439 442 444 451 453 456 458 462 463 468 470 471 477 478 483 486 501 505 512 518 519 520 523 524 528 534 537 538 539 542 546 550 556",113
numpy/polynomial/tests/test_polynomial.py," 36 39 42 55 65 68 69 73 82 86 90 92 103 112 127 135 138 144 145 146 152 159 168 169 172 173 176 177 185 188 194 195 196 202 214 223 230 236 241 248 254 259 268 273 282 287 294 295 296 297 298 299 307 315 322 330 340 350 360 370 378 382 386 393 394 400 407 414 422 426 437 440 445 448 457 461 470 474 478 484 485 490 493 500 505 508 509 513 523 524 525 526 527 528 529 530 531 532 533 540 541 543 544 547 548 550 551 554 556 563 565 568 570 574 575 580 582 583 589 592 593 594 597 600",125
numpy/polynomial/tests/test_laguerre.py," 34 37 40 54 64 67 68 72 85 86 97 106 121 130 136 137 138 145 150 155 162 167 172 181 186 195 200 207 208 209 210 211 212 218 228 236 246 256 266 276 286 294 298 302 309 310 316 323 330 338 342 353 356 361 364 373 377 386 390 400 401 402 403 404 405 406 407 408 409 410 417 418 420 421 424 425 427 428 431 433 440 442 445 447 451 452 458 459 464 467 482 486 493 499 500 501 504 505 509 515 518 519 520 523 527 531 537",108
numpy/polynomial/tests/test_legendre.py," 37 40 43 57 67 70 71 76 89 90 101 110 125 134 140 141 142 149 154 159 166 171 176 185 190 199 204 211 212 213 214 215 216 222 232 240 250 260 270 280 290 298 302 306 309 316 317 323 330 337 345 349 353 363 366 371 374 383 387 396 400 403 416 417 418 419 420 421 422 423 424 425 426 433 434 436 437 440 441 443 444 447 448 451 453 460 462 465 467 471 472 477 479 480 486 487 492 495 510 514 521 527 528 529 532 533 537 543 546 547 548 551 554 558 562 568",117
numpy/polynomial/tests/test_printing.py," 37 48 59 71 82 100 112 124 136 148 160 172 173 181 182 192 193 203 224 226 233 234 236 237 250 251 253 254 271 284 291 303 304 316 321 326 331 336 341 360 365 370 375 380 384 389",47
numpy/polynomial/tests/test_hermite.py," 37 40 43 57 67 70 71 75 88 89 100 109 124 133 139 140 141 148 153 158 165 170 175 184 189 198 203 210 211 212 213 214 215 221 231 239 249 259 269 279 289 297 301 305 312 313 319 326 333 341 345 356 359 364 367 376 380 389 393 406 407 408 409 410 411 412 413 414 415 416 423 424 426 427 430 431 433 434 437 438 441 443 450 452 455 457 461 462 467 469 470 476 477 482 485 500 504 511 517 518 519 522 523 527 533 536 537 538 541 545 549 555",113
numpy/polynomial/tests/test_classes.py," 41 42 68 69 70 85 86 87 100 101 102 109 110 111 121 122 123 124 130 153 154 155 161 162 163 165 166 167 171 172 174 175 184 185 193 194 195 196 204 205 206 207 217 218 219 220 221 222 223 224 225 227 229 239 240 241 242 243 244 245 246 247 249 251 260 261 262 263 264 265 266 267 268 269 270 272 274 286 287 288 289 290 291 292 293 294 300 302 315 316 319 320 323 324 326 327 329 342 343 344 345 346 347 348 349 350 351 352 354 356 370 371 373 374 376 377 379 380 382 383 385 386 388 389 391 392 394 395 396 397 399 401 409 412 417 423 424 425 426 427 436 437 442 443 448 449 455 456 467 468 473 474 485 486 491 492 501 507 510 511 523 528 529 530 531 532 533 538 539 540 541 542 543 549 550 551 559 563 569 570 584 585 589 600",185
numpy/polynomial/tests/test_polyutils.py," 21 22 23 31 32 37 39 40 41 45 47 49 53 57 66 72 80 88 96 106 114 121",23
runtests.py,"",1
tools/openblas_support.py,"",1
tools/refguide_check.py,"",1
tools/cythonize.py," 71 72 82 83 93 94",7
tools/npy_tempita/__init__.py," 295 925 944 975 997 1005",7
versioneer.py," 484
Total asserts: 2

Total Test Files: 194
